0.25  2.2421352413 0.426422558923 2
0.25  2.2421352413 0.372822671156 3
0.25  2.2421352413 0.338005050505 4
0.25  2.2421352413 0.318078002245 5
0.25  2.2421352413 0.300238496072 6
0.25  2.2421352413 0.287067901235 7
0.25  2.2421352413 0.275420875421 8
0.25  2.2421352413 0.26762345679 9
0.25  2.2421352413 0.260216049383 10
0.25  2.2421352413 0.253566217733 11
0.25  2.2421352413 0.247758136925 12
0.25  2.2421352413 0.243484848485 13
0.25  2.2421352413 0.239037598204 14
0.25  2.2421352413 0.235272166105 15
0.25  2.2421352413 0.231694725028 16
0.25  2.2421352413 0.229102132435 17
0.25  2.2421352413 0.226694725028 18
0.25  2.2421352413 0.224191919192 19
0.25  2.2421352413 0.221806958474 20
0.25  2.2421352413 0.220064534231 21
0.25  2.2421352413 0.218080808081 22
0.25  2.2421352413 0.21640291807 23
0.25  2.2421352413 0.214581930415 24
0.25  2.2421352413 0.213134118967 25
0.25  2.2421352413 0.21186026936 26
0.25  2.2421352413 0.210535914703 27
0.25  2.2421352413 0.209306958474 28
0.25  2.2421352413 0.208164983165 29
0.25  2.2421352413 0.206964085297 30
0.25  2.2421352413 0.205942760943 31
0.5  2.2421352413 0.898785072952 2
0.5  2.2421352413 0.743125701459 3
0.5  2.2421352413 0.651360830527 4
0.5  2.2421352413 0.594778338945 5
0.5  2.2421352413 0.546214927048 6
0.5  2.2421352413 0.510022446689 7
0.5  2.2421352413 0.477662738496 8
0.5  2.2421352413 0.457247474747 9
0.5  2.2421352413 0.438347362514 10
0.5  2.2421352413 0.420664983165 11
0.5  2.2421352413 0.405033670034 12
0.5  2.2421352413 0.392909652076 13
0.5  2.2421352413 0.380942760943 14
0.5  2.2421352413 0.370617283951 15
0.5  2.2421352413 0.360819304153 16
0.5  2.2421352413 0.353689674523 17
0.5  2.2421352413 0.346658249158 18
0.5  2.2421352413 0.339562289562 19
0.5  2.2421352413 0.33322671156 20
0.5  2.2421352413 0.32826318743 21
0.5  2.2421352413 0.323033108866 22
0.5  2.2421352413 0.318569023569 23
0.5  2.2421352413 0.314214365881 24
0.5  2.2421352413 0.310777216611 25
0.5  2.2421352413 0.307283950617 26
0.5  2.2421352413 0.303145342312 27
0.5  2.2421352413 0.299618406285 28
0.5  2.2421352413 0.296523569024 29
0.5  2.2421352413 0.293288439955 30
0.5  2.2421352413 0.290507856341 31
