0.25  1.62266764871 0.196835016835 2
0.25  1.62266764871 0.161782407407 3
0.25  1.62266764871 0.14046506734 4
0.25  1.62266764871 0.127514029181 5
0.25  1.62266764871 0.116662457912 6
0.25  1.62266764871 0.108707210999 7
0.25  1.62266764871 0.10144640853 8
0.25  1.62266764871 0.0967312008979 9
0.25  1.62266764871 0.092237654321 10
0.25  1.62266764871 0.0881509539843 11
0.25  1.62266764871 0.0846064814815 12
0.25  1.62266764871 0.0818378226712 13
0.25  1.62266764871 0.0790824915825 14
0.25  1.62266764871 0.0767831088664 15
0.25  1.62266764871 0.0745531705948 16
0.25  1.62266764871 0.0728865039282 17
0.25  1.62266764871 0.0713446969697 18
0.25  1.62266764871 0.0697902637486 19
0.25  1.62266764871 0.0683656004489 20
0.25  1.62266764871 0.0672390572391 21
0.25  1.62266764871 0.0660585016835 22
0.25  1.62266764871 0.0649866722783 23
0.25  1.62266764871 0.0638930976431 24
0.25  1.62266764871 0.0630787037037 25
0.25  1.62266764871 0.0622593995511 26
0.25  1.62266764871 0.0613699494949 27
0.25  1.62266764871 0.0606397306397 28
0.25  1.62266764871 0.0599607182941 29
0.25  1.62266764871 0.0592494388328 30
0.25  1.62266764871 0.05864828844 31
0.5  1.62266764871 0.509479517396 2
0.5  1.62266764871 0.398410493827 3
0.5  1.62266764871 0.332603815937 4
0.5  1.62266764871 0.29359006734 5
0.5  1.62266764871 0.261672979798 6
0.5  1.62266764871 0.238265291807 7
0.5  1.62266764871 0.218037317621 8
0.5  1.62266764871 0.205061728395 9
0.5  1.62266764871 0.192847222222 10
0.5  1.62266764871 0.181612654321 11
0.5  1.62266764871 0.172171717172 12
0.5  1.62266764871 0.165035072952 13
0.5  1.62266764871 0.157770763187 14
0.5  1.62266764871 0.151759960718 15
0.5  1.62266764871 0.145936447811 16
0.5  1.62266764871 0.141436588103 17
0.5  1.62266764871 0.137394781145 18
0.5  1.62266764871 0.133317901235 19
0.5  1.62266764871 0.129612794613 20
0.5  1.62266764871 0.126808361392 21
0.5  1.62266764871 0.123739478114 22
0.5  1.62266764871 0.120878928171 23
0.5  1.62266764871 0.118009960718 24
0.5  1.62266764871 0.115858585859 25
0.5  1.62266764871 0.113776655443 26
0.5  1.62266764871 0.111634399551 27
0.5  1.62266764871 0.109801487093 28
0.5  1.62266764871 0.108196548822 29
0.5  1.62266764871 0.106523569024 30
0.5  1.62266764871 0.105103815937 31
