2 0.92577791807
3 0.725176066218
4 0.617941919192
5 0.555434203143
6 0.502419332211
7 0.463724747475
8 0.427460016835
9 0.4038664422
10 0.383451178451
11 0.364694163861
12 0.348244248036
13 0.335572390572
14 0.322762345679
15 0.31125
16 0.300488215488
17 0.292644500561
18 0.285424382716
19 0.277600308642
20 0.269861111111
21 0.263989197531
22 0.257196969697
23 0.251493406285
24 0.246646324355
25 0.242655022447
26 0.238934483726
27 0.234828843996
28 0.231329264871
29 0.228397867565
30 0.225173260382
31 0.222438973064
