2 2.240171156
3 1.78311447811
4 1.51198653199
5 1.34574635241
6 1.21006734007
7 1.11070987654
8 1.02248877666
9 0.965235690236
10 0.909163860831
11 0.8588664422
12 0.816315937149
13 0.785558361392
14 0.753942199776
15 0.727337261504
16 0.70101010101
17 0.681425364759
18 0.662452300786
19 0.643378226712
20 0.625911896745
21 0.613246352413
22 0.599579124579
23 0.587250280584
24 0.574924242424
25 0.565600448934
26 0.556548821549
27 0.547275533109
28 0.538804713805
29 0.531310325477
30 0.523585858586
31 0.516849046016
