0.25  0.934492845118 0.168807519641 2
0.25  0.934492845118 0.140636924804 3
0.25  0.934492845118 0.122787598204 4
0.25  0.934492845118 0.11178030303 5
0.25  0.934492845118 0.102732182941 6
0.25  0.934492845118 0.0955071548822 7
0.25  0.934492845118 0.0892206790123 8
0.25  0.934492845118 0.0855513468013 9
0.25  0.934492845118 0.0819163860831 10
0.25  0.934492845118 0.0787969977553 11
0.25  0.934492845118 0.0754159652076 12
0.25  0.934492845118 0.0733052749719 13
0.25  0.934492845118 0.0714176487093 14
0.25  0.934492845118 0.0695608866442 15
0.25  0.934492845118 0.0676774691358 16
0.25  0.934492845118 0.0662086139169 17
0.25  0.934492845118 0.0649109147026 18
0.25  0.934492845118 0.0635444725028 19
0.25  0.934492845118 0.0621920594837 20
0.25  0.934492845118 0.06125 21
0.25  0.934492845118 0.0601907968575 22
0.25  0.934492845118 0.0594633838384 23
0.25  0.934492845118 0.0586756453423 24
0.25  0.934492845118 0.0578640572391 25
0.25  0.934492845118 0.0573021885522 26
0.25  0.934492845118 0.0567396184063 27
0.25  0.934492845118 0.0562331649832 28
0.25  0.934492845118 0.0558024691358 29
0.25  0.934492845118 0.0552034231201 30
0.25  0.934492845118 0.0548954826038 31
0.5  0.934492845118 0.372597502806 2
0.5  0.934492845118 0.298268097643 3
0.5  0.934492845118 0.255857182941 4
0.5  0.934492845118 0.230345819304 5
0.5  0.934492845118 0.208155864198 6
0.5  0.934492845118 0.192264309764 7
0.5  0.934492845118 0.178125 8
0.5  0.934492845118 0.168639169473 9
0.5  0.934492845118 0.16087191358 10
0.5  0.934492845118 0.152542087542 11
0.5  0.934492845118 0.145226571268 12
0.5  0.934492845118 0.140328984287 13
0.5  0.934492845118 0.135009820426 14
0.5  0.934492845118 0.130099607183 15
0.5  0.934492845118 0.12540684624 16
0.5  0.934492845118 0.121695426487 17
0.5  0.934492845118 0.118472222222 18
0.5  0.934492845118 0.115720398429 19
0.5  0.934492845118 0.11266694725 20
0.5  0.934492845118 0.11047208193 21
0.5  0.934492845118 0.108291245791 22
0.5  0.934492845118 0.106495510662 23
0.5  0.934492845118 0.104792368126 24
0.5  0.934492845118 0.103381032548 25
0.5  0.934492845118 0.102091049383 26
0.5  0.934492845118 0.100606762065 27
0.5  0.934492845118 0.0993686868687 28
0.5  0.934492845118 0.0983291245791 29
0.5  0.934492845118 0.0970047699214 30
0.5  0.934492845118 0.0957554713805 31
