2 1.62548400673
3 1.2317620651
4 1.00365460157
5 0.872354096521
6 0.764007435466
7 0.686261924804
8 0.61828493266
9 0.575848063973
10 0.536602833895
11 0.502159090909
12 0.473600589226
13 0.451887626263
14 0.429701178451
15 0.410468574635
16 0.392558922559
17 0.378783670034
18 0.366374158249
19 0.354010241302
20 0.342457912458
21 0.333785774411
22 0.324156144781
23 0.316113215488
24 0.308212682379
25 0.302012485971
26 0.296011503928
27 0.289923540965
28 0.284707491582
29 0.280070145903
30 0.275018237935
31 0.270670594837
