2 1.38390221661
3 1.03841891134
4 0.842951038159
5 0.732297278339
6 0.640790544332
7 0.575625701459
8 0.519126683502
9 0.483862233446
10 0.450829826038
11 0.42152637486
12 0.397521043771
13 0.379862514029
14 0.361527777778
15 0.346509539843
16 0.332495791246
17 0.321617564534
18 0.311955667789
19 0.302252384961
20 0.293607603816
21 0.287241161616
22 0.280300925926
23 0.274165263749
24 0.268165684624
25 0.26345187991
26 0.259097222222
27 0.254445145903
28 0.250618686869
29 0.24719486532
30 0.243552188552
31 0.240479096521
