2 3.2957554784
3 2.41512955247
4 1.90151844136
5 1.61302824074
6 1.38567052469
7 1.23326535494
8 1.10375779321
9 1.02453780864
10 0.951288966049
11 0.88599066358
12 0.830865740741
13 0.790263888889
14 0.748437808642
15 0.713568364198
16 0.679921219136
17 0.65437492284
18 0.631010262346
19 0.607291898148
20 0.585405787037
21 0.569128240741
22 0.551412962963
23 0.53556242284
24 0.519721296296
25 0.507513657407
26 0.49564212963
27 0.483172145062
28 0.472501388889
29 0.463247530864
30 0.453123533951
31 0.444485185185
