0.25  3.21041175645 0.300039281706 2
0.25  3.21041175645 0.251259820426 3
0.25  3.21041175645 0.219397446689 4
0.25  3.21041175645 0.198970959596 5
0.25  3.21041175645 0.181223344557 6
0.25  3.21041175645 0.167586279461 7
0.25  3.21041175645 0.154676627385 8
0.25  3.21041175645 0.146051487093 9
0.25  3.21041175645 0.137880892256 10
0.25  3.21041175645 0.130327581369 11
0.25  3.21041175645 0.123617424242 12
0.25  3.21041175645 0.118381734007 13
0.25  3.21041175645 0.113127104377 14
0.25  3.21041175645 0.108504489338 15
0.25  3.21041175645 0.104020763187 16
0.25  3.21041175645 0.100657968575 17
0.25  3.21041175645 0.0974719416386 18
0.25  3.21041175645 0.0942087542088 19
0.25  3.21041175645 0.0910549943883 20
0.25  3.21041175645 0.0887008978676 21
0.25  3.21041175645 0.0862086139169 22
0.25  3.21041175645 0.0839499158249 23
0.25  3.21041175645 0.0816771885522 24
0.25  3.21041175645 0.0800035072952 25
0.25  3.21041175645 0.078285634119 26
0.25  3.21041175645 0.076572671156 27
0.25  3.21041175645 0.0750505050505 28
0.25  3.21041175645 0.0737205387205 29
0.25  3.21041175645 0.0722734287318 30
0.25  3.21041175645 0.0709995791246 31
0.5  3.21041175645 0.98861882716 2
0.5  3.21041175645 0.812944725028 3
0.5  3.21041175645 0.698250561167 4
0.5  3.21041175645 0.624828843996 5
0.5  3.21041175645 0.561886223345 6
0.5  3.21041175645 0.513025392817 7
0.5  3.21041175645 0.467855639731 8
0.5  3.21041175645 0.437764450056 9
0.5  3.21041175645 0.408432239057 10
0.5  3.21041175645 0.382102974186 11
0.5  3.21041175645 0.358218995511 12
0.5  3.21041175645 0.339919332211 13
0.5  3.21041175645 0.321538299663 14
0.5  3.21041175645 0.305685325477 15
0.5  3.21041175645 0.289720819304 16
0.5  3.21041175645 0.277888608305 17
0.5  3.21041175645 0.266665965208 18
0.5  3.21041175645 0.25553030303 19
0.5  3.21041175645 0.244737654321 20
0.5  3.21041175645 0.236456228956 21
0.5  3.21041175645 0.227664141414 22
0.5  3.21041175645 0.219827441077 23
0.5  3.21041175645 0.211754349046 24
0.5  3.21041175645 0.205669191919 25
0.5  3.21041175645 0.199393939394 26
0.5  3.21041175645 0.193120089787 27
0.5  3.21041175645 0.187474046016 28
0.5  3.21041175645 0.182554012346 29
0.5  3.21041175645 0.177265011223 30
0.5  3.21041175645 0.172626262626 31
