0.25  3.29578140432 0.284586342593 2
0.25  3.29578140432 0.223493364198 3
0.25  3.29578140432 0.185194290123 4
0.25  3.29578140432 0.161552854938 5
0.25  3.29578140432 0.14166566358 6
0.25  3.29578140432 0.126813966049 7
0.25  3.29578140432 0.113302006173 8
0.25  3.29578140432 0.104647762346 9
0.25  3.29578140432 0.0964890432099 10
0.25  3.29578140432 0.089275308642 11
0.25  3.29578140432 0.083038117284 12
0.25  3.29578140432 0.0783656635802 13
0.25  3.29578140432 0.0737043981481 14
0.25  3.29578140432 0.0697183641975 15
0.25  3.29578140432 0.0658567901235 16
0.25  3.29578140432 0.0630075617284 17
0.25  3.29578140432 0.0603598765432 18
0.25  3.29578140432 0.057736882716 19
0.25  3.29578140432 0.0552913580247 20
0.25  3.29578140432 0.053468595679 21
0.25  3.29578140432 0.0515537037037 22
0.25  3.29578140432 0.0498300925926 23
0.25  3.29578140432 0.0481454475309 24
0.25  3.29578140432 0.0468706790123 25
0.25  3.29578140432 0.045618904321 26
0.25  3.29578140432 0.0443345679012 27
0.25  3.29578140432 0.0432303240741 28
0.25  3.29578140432 0.042275462963 29
0.25  3.29578140432 0.0412451388889 30
0.25  3.29578140432 0.0403719907407 31
0.5  3.29578140432 0.94418287037 2
0.5  3.29578140432 0.727717438272 3
0.5  3.29578140432 0.599558256173 4
0.5  3.29578140432 0.523098765432 5
0.5  3.29578140432 0.45917191358 6
0.5  3.29578140432 0.412099305556 7
0.5  3.29578140432 0.369445833333 8
0.5  3.29578140432 0.342163657407 9
0.5  3.29578140432 0.316272067901 10
0.5  3.29578140432 0.293146990741 11
0.5  3.29578140432 0.272998225309 12
0.5  3.29578140432 0.257808719136 13
0.5  3.29578140432 0.242485262346 14
0.5  3.29578140432 0.229413811728 15
0.5  3.29578140432 0.216727469136 16
0.5  3.29578140432 0.207239429012 17
0.5  3.29578140432 0.198436805556 18
0.5  3.29578140432 0.189747067901 19
0.5  3.29578140432 0.181592438272 20
0.5  3.29578140432 0.17546875 21
0.5  3.29578140432 0.169049228395 22
0.5  3.29578140432 0.16327962963 23
0.5  3.29578140432 0.157553935185 24
0.5  3.29578140432 0.153205324074 25
0.5  3.29578140432 0.148934799383 26
0.5  3.29578140432 0.14459212963 27
0.5  3.29578140432 0.140795216049 28
0.5  3.29578140432 0.13754382716 29
0.5  3.29578140432 0.134027546296 30
0.5  3.29578140432 0.1310625 31
