0.25  1.39292157688 0.170284090909 2
0.25  1.39292157688 0.139167368126 3
0.25  1.39292157688 0.120197109989 4
0.25  1.39292157688 0.108522727273 5
0.25  1.39292157688 0.0986728395062 6
0.25  1.39292157688 0.0912913860831 7
0.25  1.39292157688 0.0847236251403 8
0.25  1.39292157688 0.0805674803591 9
0.25  1.39292157688 0.0766828002245 10
0.25  1.39292157688 0.0731074635241 11
0.25  1.39292157688 0.0700427890011 12
0.25  1.39292157688 0.0678079405163 13
0.25  1.39292157688 0.0655555555556 14
0.25  1.39292157688 0.0636517957351 15
0.25  1.39292157688 0.0617873176207 16
0.25  1.39292157688 0.060343013468 17
0.25  1.39292157688 0.0589499158249 18
0.25  1.39292157688 0.0576907968575 19
0.25  1.39292157688 0.056471661055 20
0.25  1.39292157688 0.055523989899 21
0.25  1.39292157688 0.0545173961841 22
0.25  1.39292157688 0.0536377665544 23
0.25  1.39292157688 0.0527981200898 24
0.25  1.39292157688 0.0521590909091 25
0.25  1.39292157688 0.0515347923681 26
0.25  1.39292157688 0.05088664422 27
0.25  1.39292157688 0.0503058361392 28
0.25  1.39292157688 0.0498358585859 29
0.25  1.39292157688 0.0493237934905 30
0.25  1.39292157688 0.0488776655443 31
0.5  1.39292157688 0.494558782267 2
0.5  1.39292157688 0.391830106622 3
0.5  1.39292157688 0.328224607183 4
0.5  1.39292157688 0.289914421998 5
0.5  1.39292157688 0.256748035915 6
0.5  1.39292157688 0.232300084175 7
0.5  1.39292157688 0.209644360269 8
0.5  1.39292157688 0.195366863075 9
0.5  1.39292157688 0.182149971942 10
0.5  1.39292157688 0.170354236813 11
0.5  1.39292157688 0.160072250281 12
0.5  1.39292157688 0.152466329966 13
0.5  1.39292157688 0.144848484848 14
0.5  1.39292157688 0.138475729517 15
0.5  1.39292157688 0.132450196409 16
0.5  1.39292157688 0.128051346801 17
0.5  1.39292157688 0.123891694725 18
0.5  1.39292157688 0.119648569024 19
0.5  1.39292157688 0.115674102132 20
0.5  1.39292157688 0.112734988777 21
0.5  1.39292157688 0.109735549944 22
0.5  1.39292157688 0.10703493266 23
0.5  1.39292157688 0.104276094276 24
0.5  1.39292157688 0.102196969697 25
0.5  1.39292157688 0.100155022447 26
0.5  1.39292157688 0.0981067620651 27
0.5  1.39292157688 0.0962766554433 28
0.5  1.39292157688 0.0947825476992 29
0.5  1.39292157688 0.0931614758698 30
0.5  1.39292157688 0.0918013468013 31
