0.25  1.3837654321 0.183717732884 2
0.25  1.3837654321 0.148185325477 3
0.25  1.3837654321 0.126173540965 4
0.25  1.3837654321 0.112932800224 5
0.25  1.3837654321 0.102039842873 6
0.25  1.3837654321 0.0940775813692 7
0.25  1.3837654321 0.0869058641975 8
0.25  1.3837654321 0.0824480920314 9
0.25  1.3837654321 0.0783164983165 10
0.25  1.3837654321 0.0746843434343 11
0.25  1.3837654321 0.0715368967452 12
0.25  1.3837654321 0.0692269921437 13
0.25  1.3837654321 0.066914983165 14
0.25  1.3837654321 0.0650343714927 15
0.25  1.3837654321 0.0632400392817 16
0.25  1.3837654321 0.0619255050505 17
0.25  1.3837654321 0.0607070707071 18
0.25  1.3837654321 0.0594577721661 19
0.25  1.3837654321 0.058366301908 20
0.25  1.3837654321 0.0575427890011 21
0.25  1.3837654321 0.0566645622896 22
0.25  1.3837654321 0.0558733164983 23
0.25  1.3837654321 0.0551129349046 24
0.25  1.3837654321 0.0545202020202 25
0.25  1.3837654321 0.0539464085297 26
0.25  1.3837654321 0.053366301908 27
0.25  1.3837654321 0.0528661616162 28
0.25  1.3837654321 0.0524508978676 29
0.25  1.3837654321 0.0519844276094 30
0.25  1.3837654321 0.0515874017957 31
0.5  1.3837654321 0.482041245791 2
0.5  1.3837654321 0.371916386083 3
0.5  1.3837654321 0.305856481481 4
0.5  1.3837654321 0.266963383838 5
0.5  1.3837654321 0.234927749719 6
0.5  1.3837654321 0.211754349046 7
0.5  1.3837654321 0.191428872054 8
0.5  1.3837654321 0.178872053872 9
0.5  1.3837654321 0.167116301908 10
0.5  1.3837654321 0.156726992144 11
0.5  1.3837654321 0.148119388328 12
0.5  1.3837654321 0.141786616162 13
0.5  1.3837654321 0.135343714927 14
0.5  1.3837654321 0.130015432099 15
0.5  1.3837654321 0.125004910213 16
0.5  1.3837654321 0.121153900112 17
0.5  1.3837654321 0.117757435466 18
0.5  1.3837654321 0.114275392817 19
0.5  1.3837654321 0.1111917789 20
0.5  1.3837654321 0.108893097643 21
0.5  1.3837654321 0.106382575758 22
0.5  1.3837654321 0.104213664422 23
0.5  1.3837654321 0.102089646465 24
0.5  1.3837654321 0.100441919192 25
0.5  1.3837654321 0.0988952020202 26
0.5  1.3837654321 0.097198372615 27
0.5  1.3837654321 0.0958431537598 28
0.5  1.3837654321 0.0945987654321 29
0.5  1.3837654321 0.093265291807 30
0.5  1.3837654321 0.0921541806958 31
