0.25  0.924949494949 0.144903198653 2
0.25  0.924949494949 0.121835016835 3
0.25  0.924949494949 0.106752946128 4
0.25  0.924949494949 0.0984602974186 5
0.25  0.924949494949 0.0918062570146 6
0.25  0.924949494949 0.0865165544332 7
0.25  0.924949494949 0.0810143097643 8
0.25  0.924949494949 0.0779959315376 9
0.25  0.924949494949 0.0751185465769 10
0.25  0.924949494949 0.0723028900112 11
0.25  0.924949494949 0.070201318743 12
0.25  0.924949494949 0.0686412738496 13
0.25  0.924949494949 0.0670223063973 14
0.25  0.924949494949 0.0655709876543 15
0.25  0.924949494949 0.0643967452301 16
0.25  0.924949494949 0.0632210998878 17
0.25  0.924949494949 0.0620840347924 18
0.25  0.924949494949 0.0607428451178 19
0.25  0.924949494949 0.059132295174 20
0.25  0.924949494949 0.0580709876543 21
0.25  0.924949494949 0.0570924523008 22
0.25  0.924949494949 0.0562338664422 23
0.25  0.924949494949 0.0553900112233 24
0.25  0.924949494949 0.0547636083053 25
0.25  0.924949494949 0.0540614478114 26
0.25  0.924949494949 0.0534048821549 27
0.25  0.924949494949 0.0526964085297 28
0.25  0.924949494949 0.0522053872054 29
0.25  0.924949494949 0.051754349046 30
0.25  0.924949494949 0.0513446969697 31
0.5  0.924949494949 0.35243476431 2
0.5  0.924949494949 0.282804433221 3
0.5  0.924949494949 0.240490319865 4
0.5  0.924949494949 0.215242704826 5
0.5  0.924949494949 0.195829826038 6
0.5  0.924949494949 0.180586419753 7
0.5  0.924949494949 0.166442199776 8
0.5  0.924949494949 0.157678170595 9
0.5  0.924949494949 0.149423400673 10
0.5  0.924949494949 0.141679994388 11
0.5  0.924949494949 0.134542648709 12
0.5  0.924949494949 0.129901094276 13
0.5  0.924949494949 0.125314955107 14
0.5  0.924949494949 0.121307519641 15
0.5  0.924949494949 0.117752525253 16
0.5  0.924949494949 0.115069444444 17
0.5  0.924949494949 0.112361111111 18
0.5  0.924949494949 0.108970959596 19
0.5  0.924949494949 0.105909792368 20
0.5  0.924949494949 0.104100729517 21
0.5  0.924949494949 0.101988636364 22
0.5  0.924949494949 0.100091891134 23
0.5  0.924949494949 0.097781986532 24
0.5  0.924949494949 0.096229657688 25
0.5  0.924949494949 0.0947657126824 26
0.5  0.924949494949 0.0932680976431 27
0.5  0.924949494949 0.0920307239057 28
0.5  0.924949494949 0.0908992704826 29
0.5  0.924949494949 0.0897565937149 30
0.5  0.924949494949 0.0887836700337 31
