2 3.21071548822
3 2.5974880752
4 2.21349677329
5 1.97391343996
6 1.77031425365
7 1.61587542088
8 1.47383066779
9 1.38137415825
10 1.29155723906
11 1.21121773288
12 1.13936868687
13 1.08392676768
14 1.02780723906
15 0.97930204826
16 0.930974326599
17 0.894290824916
18 0.859501262626
19 0.824849887767
20 0.791332070707
21 0.765467873176
22 0.737960858586
23 0.712722362514
24 0.687381453423
25 0.66765291807
26 0.647643097643
27 0.627607323232
28 0.609645763187
29 0.593731060606
30 0.576903058361
31 0.562162598204
