2 0.93441849046
3 0.709826038159
4 0.599182800224
5 0.536418350168
6 0.483876262626
7 0.445796156004
8 0.41264520202
9 0.392351992144
10 0.37276164422
11 0.355599747475
12 0.34131523569
13 0.329960016835
14 0.318143939394
15 0.308170594837
16 0.298766835017
17 0.291580387205
18 0.285273569024
19 0.278381032548
20 0.271992143659
21 0.267118406285
22 0.261503928171
23 0.256802749719
24 0.252091049383
25 0.248494668911
26 0.245281986532
27 0.241541806958
28 0.238486251403
29 0.235734427609
30 0.232855639731
31 0.230608866442
