2 2.04626473064
3 1.66847152076
4 1.43110970819
5 1.28310606061
6 1.15701459035
7 1.06166035354
8 0.973803310887
9 0.916567760943
10 0.860707772166
11 0.81044332211
12 0.765180274972
13 0.730377384961
14 0.694951599327
15 0.664295735129
16 0.633129208754
17 0.609763608305
18 0.587516133558
19 0.565032968575
20 0.543688973064
21 0.526894640853
22 0.509001823793
23 0.493082210999
24 0.476728395062
25 0.464150533109
26 0.451163720539
27 0.438383838384
28 0.426637906846
29 0.416161616162
30 0.404746773288
31 0.394802188552
