2 1.39359357464
3 1.08266133558
4 0.902695707071
5 0.795622895623
6 0.704046717172
7 0.637092452301
8 0.577738496072
9 0.539610690236
10 0.50204194725
11 0.467771464646
12 0.439290123457
13 0.418834175084
14 0.397225729517
15 0.379270482604
16 0.362537878788
17 0.349921436588
18 0.338025392817
19 0.326062008979
20 0.314978956229
21 0.306974607183
22 0.298224607183
23 0.290521184063
24 0.282818462402
25 0.276989337823
26 0.271247194164
27 0.265293911336
28 0.260234988777
29 0.255805274972
30 0.250919612795
31 0.246628787879
