0.25  2.04323723345 0.183767536476 2
0.25  2.04323723345 0.153333333333 3
0.25  2.04323723345 0.13416456229 4
0.25  2.04323723345 0.122109287318 5
0.25  2.04323723345 0.111739618406 6
0.25  2.04323723345 0.103949214366 7
0.25  2.04323723345 0.09669332211 8
0.25  2.04323723345 0.0919633838384 9
0.25  2.04323723345 0.0874102132435 10
0.25  2.04323723345 0.0832091750842 11
0.25  2.04323723345 0.0794241021324 12
0.25  2.04323723345 0.0765228675645 13
0.25  2.04323723345 0.0735697250281 14
0.25  2.04323723345 0.0710325476992 15
0.25  2.04323723345 0.0685514870932 16
0.25  2.04323723345 0.0666617564534 17
0.25  2.04323723345 0.0649494949495 18
0.25  2.04323723345 0.0632470538721 19
0.25  2.04323723345 0.0616252805836 20
0.25  2.04323723345 0.0603472222222 21
0.25  2.04323723345 0.0590046296296 22
0.25  2.04323723345 0.057782687991 23
0.25  2.04323723345 0.0564955106622 24
0.25  2.04323723345 0.0555401234568 25
0.25  2.04323723345 0.0545721099888 26
0.25  2.04323723345 0.0536216329966 27
0.25  2.04323723345 0.0528051346801 28
0.25  2.04323723345 0.0520223063973 29
0.25  2.04323723345 0.0511980920314 30
0.25  2.04323723345 0.0504790965208 31
0.5  2.04323723345 0.569183501684 2
0.5  2.04323723345 0.466713664422 3
0.5  2.04323723345 0.400933641975 4
0.5  2.04323723345 0.359659090909 5
0.5  2.04323723345 0.324739057239 6
0.5  2.04323723345 0.297806537598 7
0.5  2.04323723345 0.273140432099 8
0.5  2.04323723345 0.256776094276 9
0.5  2.04323723345 0.240808080808 10
0.5  2.04323723345 0.22662808642 11
0.5  2.04323723345 0.21385872615 12
0.5  2.04323723345 0.203986391695 13
0.5  2.04323723345 0.194109147026 14
0.5  2.04323723345 0.185497334456 15
0.5  2.04323723345 0.17680976431 16
0.5  2.04323723345 0.17035634119 17
0.5  2.04323723345 0.164313271605 18
0.5  2.04323723345 0.158212682379 19
0.5  2.04323723345 0.152297278339 20
0.5  2.04323723345 0.14772516835 21
0.5  2.04323723345 0.142806537598 22
0.5  2.04323723345 0.138482042649 23
0.5  2.04323723345 0.134074074074 24
0.5  2.04323723345 0.130730218855 25
0.5  2.04323723345 0.127149270483 26
0.5  2.04323723345 0.123635662177 27
0.5  2.04323723345 0.120570286195 28
0.5  2.04323723345 0.117755331089 29
0.5  2.04323723345 0.11477483165 30
0.5  2.04323723345 0.112204685746 31
