16 2.21162528058
17 2.07831088664
18 1.95253998316
19 1.83255857183
20 1.71649130191
21 1.60826809764
22 1.51046541807
23 1.41044858305
24 1.31690937149
25 1.22767852132
26 1.13677504209
27 1.05088769641
28 0.973594276094
29 0.899701178451
30 0.830554503367
31 0.762281144781
32 0.692327441077
33 0.630404040404
34 0.575819304153
35 0.517161195286
36 0.466103745791
37 0.418705457351
38 0.372586630191
39 0.32973134119
40 0.292016694725
41 0.255505751964
42 0.221426066218
43 0.193324565095
44 0.165503998316
45 0.139922839506
46 0.12069760101
47 0.103538159371
48 0.086844486532
49 0.0788952020202
50 0.0657421436588
51 0.0526679994388
