0.25  3.53430239899 0.210834736251 16
0.25  3.53430239899 0.199495300224 17
0.25  3.53430239899 0.188376122334 18
0.25  3.53430239899 0.177667648709 19
0.25  3.53430239899 0.167201529181 20
0.25  3.53430239899 0.156776094276 21
0.25  3.53430239899 0.146760311448 22
0.25  3.53430239899 0.136960227273 23
0.25  3.53430239899 0.127285353535 24
0.25  3.53430239899 0.117953843996 25
0.25  3.53430239899 0.108744388328 26
0.25  3.53430239899 0.0998712822671 27
0.25  3.53430239899 0.0916666666667 28
0.25  3.53430239899 0.0835325476992 29
0.25  3.53430239899 0.0758736672278 30
0.25  3.53430239899 0.0687261503928 31
0.25  3.53430239899 0.0618809624018 32
0.25  3.53430239899 0.0555173260382 33
0.25  3.53430239899 0.0497857042649 34
0.25  3.53430239899 0.0446668069585 35
0.25  3.53430239899 0.0402360409652 36
0.25  3.53430239899 0.0359564393939 37
0.25  3.53430239899 0.0318714927048 38
0.25  3.53430239899 0.0283108866442 39
0.25  3.53430239899 0.0255050505051 40
0.25  3.53430239899 0.0227030723906 41
0.25  3.53430239899 0.020220959596 42
0.25  3.53430239899 0.0182477553311 43
0.25  3.53430239899 0.016451318743 44
0.25  3.53430239899 0.0148937289562 45
0.25  3.53430239899 0.0135279882155 46
0.25  3.53430239899 0.0124610690236 47
0.25  3.53430239899 0.0114846380471 48
0.25  3.53430239899 0.0107596801347 49
0.25  3.53430239899 0.0100192901235 50
0.25  3.53430239899 0.00929889169473 51
0.5  3.53430239899 0.629560185185 16
0.5  3.53430239899 0.587946829405 17
0.5  3.53430239899 0.548271955668 18
0.5  3.53430239899 0.509575266554 19
0.5  3.53430239899 0.472256593715 20
0.5  3.53430239899 0.436865881033 21
0.5  3.53430239899 0.403096941639 22
0.5  3.53430239899 0.370554503367 23
0.5  3.53430239899 0.339761153199 24
0.5  3.53430239899 0.310008066779 25
0.5  3.53430239899 0.282346029742 26
0.5  3.53430239899 0.256330317059 27
0.5  3.53430239899 0.231892185746 28
0.5  3.53430239899 0.209110549944 29
0.5  3.53430239899 0.187978044332 30
0.5  3.53430239899 0.168006804153 31
0.5  3.53430239899 0.150019991582 32
0.5  3.53430239899 0.133777006173 33
0.5  3.53430239899 0.119682940516 34
0.5  3.53430239899 0.106963734568 35
0.5  3.53430239899 0.0954598063973 36
0.5  3.53430239899 0.0845408950617 37
0.5  3.53430239899 0.0749642255892 38
0.5  3.53430239899 0.0668486952862 39
0.5  3.53430239899 0.0592364618406 40
0.5  3.53430239899 0.0526550224467 41
0.5  3.53430239899 0.0470002104377 42
0.5  3.53430239899 0.0419612794613 43
0.5  3.53430239899 0.0377111391695 44
0.5  3.53430239899 0.0339706088664 45
0.5  3.53430239899 0.030896815376 46
0.5  3.53430239899 0.0282032126824 47
0.5  3.53430239899 0.0260441217733 48
0.5  3.53430239899 0.0239625420875 49
0.5  3.53430239899 0.0220198512907 50
0.5  3.53430239899 0.0204057940516 51
