16 1.72693392256
17 1.59631944444
18 1.47370054714
19 1.35788860831
20 1.24922979798
21 1.14665474186
22 1.05088489057
23 0.961836069024
24 0.877714997194
25 0.80034161055
26 0.728453282828
27 0.661073933782
28 0.599511784512
29 0.542324985971
30 0.490192550505
31 0.441806958474
32 0.396835718294
33 0.355024200337
34 0.317004068462
35 0.282261503928
36 0.250550996072
37 0.221924452862
38 0.195893308081
39 0.172914913019
40 0.15226045174
41 0.134326248597
42 0.118637766554
43 0.104621562851
44 0.0927307800224
45 0.0819693462402
46 0.0729370089787
47 0.0652321829405
48 0.0580260942761
49 0.0524740460157
50 0.0474410774411
51 0.0428486251403
