0.25  3.95154391134 0.179205597643 16
0.25  3.95154391134 0.170503998316 17
0.25  3.95154391134 0.162081228956 18
0.25  3.95154391134 0.15418630752 19
0.25  3.95154391134 0.146131453423 20
0.25  3.95154391134 0.13861181257 21
0.25  3.95154391134 0.13098134119 22
0.25  3.95154391134 0.123407337262 23
0.25  3.95154391134 0.116340838945 24
0.25  3.95154391134 0.109340979237 25
0.25  3.95154391134 0.102440025253 26
0.25  3.95154391134 0.0959638047138 27
0.25  3.95154391134 0.089395342312 28
0.25  3.95154391134 0.0828594977553 29
0.25  3.95154391134 0.076622825477 30
0.25  3.95154391134 0.0708754208754 31
0.25  3.95154391134 0.0657288159371 32
0.25  3.95154391134 0.0604720819304 33
0.25  3.95154391134 0.0550855780022 34
0.25  3.95154391134 0.049485479798 35
0.25  3.95154391134 0.0447888608305 36
0.25  3.95154391134 0.0402882996633 37
0.25  3.95154391134 0.0355211840629 38
0.25  3.95154391134 0.0316172138047 39
0.25  3.95154391134 0.0277742704826 40
0.25  3.95154391134 0.0243493967452 41
0.25  3.95154391134 0.0213127805836 42
0.25  3.95154391134 0.0189053731762 43
0.25  3.95154391134 0.0165077861953 44
0.25  3.95154391134 0.0146625982043 45
0.25  3.95154391134 0.0131492003367 46
0.25  3.95154391134 0.0116308922559 47
0.25  3.95154391134 0.0104829545455 48
0.25  3.95154391134 0.00963138327722 49
0.25  3.95154391134 0.00878261784512 50
0.25  3.95154391134 0.00793665824916 51
0.5  3.95154391134 0.611739267677 16
0.5  3.95154391134 0.580170103816 17
0.5  3.95154391134 0.550264450056 18
0.5  3.95154391134 0.520499088103 19
0.5  3.95154391134 0.492876683502 20
0.5  3.95154391134 0.465358796296 21
0.5  3.95154391134 0.43811763468 22
0.5  3.95154391134 0.412712542088 23
0.5  3.95154391134 0.388168139731 24
0.5  3.95154391134 0.362918069585 25
0.5  3.95154391134 0.339453212682 26
0.5  3.95154391134 0.315372124018 27
0.5  3.95154391134 0.291677188552 28
0.5  3.95154391134 0.269573162177 29
0.5  3.95154391134 0.249217171717 30
0.5  3.95154391134 0.229725378788 31
0.5  3.95154391134 0.210896464646 32
0.5  3.95154391134 0.191199494949 33
0.5  3.95154391134 0.17184588945 34
0.5  3.95154391134 0.155844205948 35
0.5  3.95154391134 0.139648919753 36
0.5  3.95154391134 0.123261784512 37
0.5  3.95154391134 0.109779741863 38
0.5  3.95154391134 0.0961054994388 39
0.5  3.95154391134 0.0838050645342 40
0.5  3.95154391134 0.0725336700337 41
0.5  3.95154391134 0.0627048260382 42
0.5  3.95154391134 0.0534357463524 43
0.5  3.95154391134 0.0464955106622 44
0.5  3.95154391134 0.0401806257015 45
0.5  3.95154391134 0.0342168209877 46
0.5  3.95154391134 0.0298656705948 47
0.5  3.95154391134 0.0261837121212 48
0.5  3.95154391134 0.0228331930415 49
0.5  3.95154391134 0.0204822530864 50
0.5  3.95154391134 0.01898253367 51
