16 1.69898218294
17 1.53397902637
18 1.38414246633
19 1.23185115039
20 1.09558396465
21 0.978850308642
22 0.865209034792
23 0.769176136364
24 0.685316708754
25 0.603900112233
26 0.539375701459
27 0.475412457912
28 0.426589506173
29 0.383826809764
30 0.347585928732
31 0.316430274972
32 0.286314884961
33 0.260678661616
34 0.23808852413
35 0.218179363075
36 0.197845117845
37 0.180146254209
38 0.163978675645
39 0.149212612233
40 0.135681116723
41 0.123274761504
42 0.112745510662
43 0.102102974186
44 0.0937250982043
45 0.0855857182941
46 0.0789383417508
47 0.0714990179574
48 0.0656691919192
49 0.0602135942761
50 0.0548074494949
51 0.0514678030303
