0.25  5.68724081089 0.275652356902 16
0.25  5.68724081089 0.263878367003 17
0.25  5.68724081089 0.252463173401 18
0.25  5.68724081089 0.240386503928 19
0.25  5.68724081089 0.22942620651 20
0.25  5.68724081089 0.217949284512 21
0.25  5.68724081089 0.206215277778 22
0.25  5.68724081089 0.195441919192 23
0.25  5.68724081089 0.184547909652 24
0.25  5.68724081089 0.173200757576 25
0.25  5.68724081089 0.162976290685 26
0.25  5.68724081089 0.152188201459 27
0.25  5.68724081089 0.141230709877 28
0.25  5.68724081089 0.13093785073 29
0.25  5.68724081089 0.121138818743 30
0.25  5.68724081089 0.112628717733 31
0.25  5.68724081089 0.103163229517 32
0.25  5.68724081089 0.0940667087542 33
0.25  5.68724081089 0.084375701459 34
0.25  5.68724081089 0.0774940375982 35
0.25  5.68724081089 0.0696412037037 36
0.25  5.68724081089 0.0615081369248 37
0.25  5.68724081089 0.0560241301908 38
0.25  5.68724081089 0.0490596941639 39
0.25  5.68724081089 0.0441252805836 40
0.25  5.68724081089 0.0387131734007 41
0.25  5.68724081089 0.0352556818182 42
0.25  5.68724081089 0.0309248737374 43
0.25  5.68724081089 0.0283950617284 44
0.25  5.68724081089 0.0258389450056 45
0.25  5.68724081089 0.022580667789 46
0.25  5.68724081089 0.0207884399551 47
0.25  5.68724081089 0.0193778058361 48
0.25  5.68724081089 0.0173042929293 49
0.25  5.68724081089 0.0163562710438 50
0.25  5.68724081089 0.0152511223345 51
0.5  5.68724081089 0.909471801347 16
0.5  5.68724081089 0.86465874018 17
0.5  5.68724081089 0.822582421437 18
0.5  5.68724081089 0.779764660494 19
0.5  5.68724081089 0.736883768238 20
0.5  5.68724081089 0.695615530303 21
0.5  5.68724081089 0.655867704826 22
0.5  5.68724081089 0.615644991582 23
0.5  5.68724081089 0.577864407969 24
0.5  5.68724081089 0.539385521886 25
0.5  5.68724081089 0.501357673962 26
0.5  5.68724081089 0.464130541526 27
0.5  5.68724081089 0.428939393939 28
0.5  5.68724081089 0.397689744669 29
0.5  5.68724081089 0.366934624018 30
0.5  5.68724081089 0.336011854658 31
0.5  5.68724081089 0.303457491582 32
0.5  5.68724081089 0.276582140853 33
0.5  5.68724081089 0.250329685746 34
0.5  5.68724081089 0.223842241863 35
0.5  5.68724081089 0.201117073513 36
0.5  5.68724081089 0.177942269921 37
0.5  5.68724081089 0.158545524691 38
0.5  5.68724081089 0.13885206229 39
0.5  5.68724081089 0.123624438833 40
0.5  5.68724081089 0.107677819865 41
0.5  5.68724081089 0.0957758136925 42
0.5  5.68724081089 0.0855057519641 43
0.5  5.68724081089 0.0748926767677 44
0.5  5.68724081089 0.0663892396184 45
0.5  5.68724081089 0.0598046436588 46
0.5  5.68724081089 0.0531130751964 47
0.5  5.68724081089 0.0481439393939 48
0.5  5.68724081089 0.0443557098765 49
0.5  5.68724081089 0.0366094977553 50
0.5  5.68724081089 0.0302868967452 51
