16 2.54757154882
17 2.34482463524
18 2.15507154882
19 1.97409231201
20 1.80806818182
21 1.65631734007
22 1.5152637486
23 1.38768237935
24 1.27071689113
25 1.16115740741
26 1.06172558923
27 0.96842312009
28 0.879845679012
29 0.79902637486
30 0.726063411897
31 0.659361672278
32 0.599541245791
33 0.543668630752
34 0.490760381594
35 0.443705106622
36 0.400263748597
37 0.358981481481
38 0.324224186308
39 0.292699214366
40 0.26354657688
41 0.237157687991
42 0.213888888889
43 0.191367845118
44 0.172772166105
45 0.156461840629
46 0.141248597082
47 0.128803310887
48 0.117756734007
49 0.107319023569
50 0.0979363075196
51 0.0901585297419
