0.25  3.75522972783 0.184122124018 16
0.25  3.75522972783 0.173259680135 17
0.25  3.75522972783 0.162649060045 18
0.25  3.75522972783 0.152608024691 19
0.25  3.75522972783 0.142806537598 20
0.25  3.75522972783 0.133348063973 21
0.25  3.75522972783 0.124073723345 22
0.25  3.75522972783 0.115285143098 23
0.25  3.75522972783 0.10688236532 24
0.25  3.75522972783 0.0990190095398 25
0.25  3.75522972783 0.0912840207632 26
0.25  3.75522972783 0.0842196268238 27
0.25  3.75522972783 0.0772853535354 28
0.25  3.75522972783 0.0706642817059 29
0.25  3.75522972783 0.0643283529742 30
0.25  3.75522972783 0.0587282547699 31
0.25  3.75522972783 0.0535101010101 32
0.25  3.75522972783 0.0488411896745 33
0.25  3.75522972783 0.0444630331089 34
0.25  3.75522972783 0.0403040824916 35
0.25  3.75522972783 0.0365270763187 36
0.25  3.75522972783 0.033085016835 37
0.25  3.75522972783 0.0299901795735 38
0.25  3.75522972783 0.0271085858586 39
0.25  3.75522972783 0.0245843855219 40
0.25  3.75522972783 0.0222176627385 41
0.25  3.75522972783 0.019849537037 42
0.25  3.75522972783 0.0179801487093 43
0.25  3.75522972783 0.0162443883277 44
0.25  3.75522972783 0.0147355499439 45
0.25  3.75522972783 0.0133112373737 46
0.25  3.75522972783 0.0122046857464 47
0.25  3.75522972783 0.0111142676768 48
0.25  3.75522972783 0.0101353815937 49
0.25  3.75522972783 0.00934168069585 50
0.25  3.75522972783 0.00864232603816 51
0.5  3.75522972783 0.580971170034 16
0.5  3.75522972783 0.540208333333 17
0.5  3.75522972783 0.501231762065 18
0.5  3.75522972783 0.463800505051 19
0.5  3.75522972783 0.428279320988 20
0.5  3.75522972783 0.39449880752 21
0.5  3.75522972783 0.362273428732 22
0.5  3.75522972783 0.331783108866 23
0.5  3.75522972783 0.303968504489 24
0.5  3.75522972783 0.277123667228 25
0.5  3.75522972783 0.252504910213 26
0.5  3.75522972783 0.229479517396 27
0.5  3.75522972783 0.20726746633 28
0.5  3.75522972783 0.186799593154 29
0.5  3.75522972783 0.168112724467 30
0.5  3.75522972783 0.151187570146 31
0.5  3.75522972783 0.135929783951 32
0.5  3.75522972783 0.121941989338 33
0.5  3.75522972783 0.109013397868 34
0.5  3.75522972783 0.0972730780022 35
0.5  3.75522972783 0.0867199775533 36
0.5  3.75522972783 0.0772832491582 37
0.5  3.75522972783 0.06869914422 38
0.5  3.75522972783 0.0611279461279 39
0.5  3.75522972783 0.0544093714927 40
0.5  3.75522972783 0.0485101010101 41
0.5  3.75522972783 0.0433838383838 42
0.5  3.75522972783 0.0390593434343 43
0.5  3.75522972783 0.0351311728395 44
0.5  3.75522972783 0.0318069584736 45
0.5  3.75522972783 0.0286451318743 46
0.5  3.75522972783 0.0258112373737 47
0.5  3.75522972783 0.0234420594837 48
0.5  3.75522972783 0.0212661335578 49
0.5  3.75522972783 0.0194479517396 50
0.5  3.75522972783 0.0178812429854 51
