0.25  3.3269486532 0.176049733446 16
0.25  3.3269486532 0.166000280584 17
0.25  3.3269486532 0.156439393939 18
0.25  3.3269486532 0.146955667789 19
0.25  3.3269486532 0.137574003928 20
0.25  3.3269486532 0.128586560045 21
0.25  3.3269486532 0.119654180696 22
0.25  3.3269486532 0.110961700337 23
0.25  3.3269486532 0.102791456229 24
0.25  3.3269486532 0.0950164842873 25
0.25  3.3269486532 0.0874284511785 26
0.25  3.3269486532 0.0801557239057 27
0.25  3.3269486532 0.0730387205387 28
0.25  3.3269486532 0.0663853815937 29
0.25  3.3269486532 0.0604384118967 30
0.25  3.3269486532 0.0548260381594 31
0.25  3.3269486532 0.0497197671156 32
0.25  3.3269486532 0.0448369107744 33
0.25  3.3269486532 0.0402465628507 34
0.25  3.3269486532 0.0361781004489 35
0.25  3.3269486532 0.0325277076319 36
0.25  3.3269486532 0.0291505331089 37
0.25  3.3269486532 0.0261454826038 38
0.25  3.3269486532 0.0235307940516 39
0.25  3.3269486532 0.0210918209877 40
0.25  3.3269486532 0.018992704826 41
0.25  3.3269486532 0.0170608866442 42
0.25  3.3269486532 0.0153854517396 43
0.25  3.3269486532 0.0138952020202 44
0.25  3.3269486532 0.0127146464646 45
0.25  3.3269486532 0.0115407547699 46
0.25  3.3269486532 0.0105050505051 47
0.25  3.3269486532 0.00956088664422 48
0.25  3.3269486532 0.00878367003367 49
0.25  3.3269486532 0.00808326318743 50
0.25  3.3269486532 0.00748421717172 51
0.5  3.3269486532 0.567561728395 16
0.5  3.3269486532 0.530728465208 17
0.5  3.3269486532 0.495891905163 18
0.5  3.3269486532 0.461695426487 19
0.5  3.3269486532 0.429553521324 20
0.5  3.3269486532 0.398642676768 21
0.5  3.3269486532 0.368498526936 22
0.5  3.3269486532 0.340275322671 23
0.5  3.3269486532 0.313178310887 24
0.5  3.3269486532 0.286898498878 25
0.5  3.3269486532 0.261952160494 26
0.5  3.3269486532 0.237484567901 27
0.5  3.3269486532 0.214330106622 28
0.5  3.3269486532 0.19322706229 29
0.5  3.3269486532 0.173812780584 30
0.5  3.3269486532 0.155710928732 31
0.5  3.3269486532 0.139128787879 32
0.5  3.3269486532 0.123625491021 33
0.5  3.3269486532 0.109204194725 34
0.5  3.3269486532 0.0968315095398 35
0.5  3.3269486532 0.0857530162738 36
0.5  3.3269486532 0.0755608164983 37
0.5  3.3269486532 0.0667476851852 38
0.5  3.3269486532 0.0587001964085 39
0.5  3.3269486532 0.0518441358025 40
0.5  3.3269486532 0.0457070707071 41
0.5  3.3269486532 0.0405120650954 42
0.5  3.3269486532 0.0358750701459 43
0.5  3.3269486532 0.031935325477 44
0.5  3.3269486532 0.0285549943883 45
0.5  3.3269486532 0.0254121071829 46
0.5  3.3269486532 0.0229008838384 47
0.5  3.3269486532 0.0208294753086 48
0.5  3.3269486532 0.0189593855219 49
0.5  3.3269486532 0.0173035914703 50
0.5  3.3269486532 0.0158719135802 51
