16 2.18194234007
17 2.01369633838
18 1.85253367003
19 1.6989614899
20 1.55311062009
21 1.41442094557
22 1.28503822952
23 1.16554082492
24 1.05396569865
25 0.952618897306
26 0.858994458474
27 0.770688482043
28 0.691327511223
29 0.617766203704
30 0.550576950056
31 0.490986602132
32 0.437371983726
33 0.388789983165
34 0.344602974186
35 0.304294682941
36 0.267926136364
37 0.235467522447
38 0.207037738496
39 0.181016764871
40 0.159430765993
41 0.140088033109
42 0.123188482043
43 0.109174733446
44 0.0972067901235
45 0.0865042789001
46 0.0780972923681
47 0.0704250841751
48 0.0638317199776
49 0.0580253928171
50 0.053115530303
51 0.0486279461279
