0.25  2.62303486251 0.153614969136 16
0.25  2.62303486251 0.14376473064 17
0.25  2.62303486251 0.134136854658 18
0.25  2.62303486251 0.12471661055 19
0.25  2.62303486251 0.116361882716 20
0.25  2.62303486251 0.108334736251 21
0.25  2.62303486251 0.100837892817 22
0.25  2.62303486251 0.0938608305275 23
0.25  2.62303486251 0.0873056958474 24
0.25  2.62303486251 0.0809890572391 25
0.25  2.62303486251 0.0754247334456 26
0.25  2.62303486251 0.0697709736251 27
0.25  2.62303486251 0.0643395763187 28
0.25  2.62303486251 0.0593202861953 29
0.25  2.62303486251 0.054596661055 30
0.25  2.62303486251 0.0503545875421 31
0.25  2.62303486251 0.0461044472503 32
0.25  2.62303486251 0.0420349326599 33
0.25  2.62303486251 0.0383782267116 34
0.25  2.62303486251 0.0350220959596 35
0.25  2.62303486251 0.0319058641975 36
0.25  2.62303486251 0.0290782828283 37
0.25  2.62303486251 0.026007295174 38
0.25  2.62303486251 0.0232137345679 39
0.25  2.62303486251 0.0210262345679 40
0.25  2.62303486251 0.0188187429854 41
0.25  2.62303486251 0.0170342312009 42
0.25  2.62303486251 0.0152297278339 43
0.25  2.62303486251 0.0138625841751 44
0.25  2.62303486251 0.0124750982043 45
0.25  2.62303486251 0.0110420173962 46
0.25  2.62303486251 0.0100740039282 47
0.25  2.62303486251 0.00909897586981 48
0.25  2.62303486251 0.00840277777778 49
0.25  2.62303486251 0.00779531425365 50
0.25  2.62303486251 0.00740775813692 51
0.5  2.62303486251 0.47009469697 16
0.5  2.62303486251 0.433738776655 17
0.5  2.62303486251 0.398041175645 18
0.5  2.62303486251 0.364192269921 19
0.5  2.62303486251 0.332246071829 20
0.5  2.62303486251 0.30225273569 21
0.5  2.62303486251 0.275006663861 22
0.5  2.62303486251 0.250792648709 23
0.5  2.62303486251 0.229588594276 24
0.5  2.62303486251 0.209914772727 25
0.5  2.62303486251 0.192373035915 26
0.5  2.62303486251 0.176250701459 27
0.5  2.62303486251 0.161026936027 28
0.5  2.62303486251 0.146340838945 29
0.5  2.62303486251 0.132640642536 30
0.5  2.62303486251 0.120583964646 31
0.5  2.62303486251 0.109492494388 32
0.5  2.62303486251 0.0990214646465 33
0.5  2.62303486251 0.0893013468013 34
0.5  2.62303486251 0.0803395061728 35
0.5  2.62303486251 0.0718515011223 36
0.5  2.62303486251 0.0635616582492 37
0.5  2.62303486251 0.0570100308642 38
0.5  2.62303486251 0.0511265432099 39
0.5  2.62303486251 0.0455197811448 40
0.5  2.62303486251 0.0408634960718 41
0.5  2.62303486251 0.0364786756453 42
0.5  2.62303486251 0.032731130752 43
0.5  2.62303486251 0.0289088804714 44
0.5  2.62303486251 0.0254622615039 45
0.5  2.62303486251 0.0225452441077 46
0.5  2.62303486251 0.0202858445567 47
0.5  2.62303486251 0.0184403058361 48
0.5  2.62303486251 0.0167624158249 49
0.5  2.62303486251 0.0150659371493 50
0.5  2.62303486251 0.0136072530864 51
