16 1.55853289843
17 1.41842101571
18 1.28646254209
19 1.15995545735
20 1.04403444164
21 0.93970924523
22 0.842067550505
23 0.752537177329
24 0.67063236532
25 0.598339295735
26 0.535411054994
27 0.482138397868
28 0.434741863075
29 0.393528338945
30 0.357825126263
31 0.324012345679
32 0.293250911897
33 0.266551978114
34 0.241898849607
35 0.219725378788
36 0.198906074635
37 0.179947741302
38 0.16210753367
39 0.145730218855
40 0.130050505051
41 0.115948021886
42 0.102569795174
43 0.0907014590348
44 0.0802918069585
45 0.0710672699214
46 0.0629685746352
47 0.0555531004489
48 0.0491000280584
49 0.043426627385
50 0.0389874438833
51 0.0357751122334
