0.25  4.74002384961 0.321628787879 16
0.25  4.74002384961 0.306318742985 17
0.25  4.74002384961 0.291237373737 18
0.25  4.74002384961 0.276589506173 19
0.25  4.74002384961 0.26217312009 20
0.25  4.74002384961 0.248072390572 21
0.25  4.74002384961 0.234628226712 22
0.25  4.74002384961 0.221440796857 23
0.25  4.74002384961 0.209036195286 24
0.25  4.74002384961 0.196703142536 25
0.25  4.74002384961 0.185120650954 26
0.25  4.74002384961 0.173514309764 27
0.25  4.74002384961 0.162717452301 28
0.25  4.74002384961 0.152452300786 29
0.25  4.74002384961 0.142406004489 30
0.25  4.74002384961 0.132849326599 31
0.25  4.74002384961 0.123815937149 32
0.25  4.74002384961 0.115535914703 33
0.25  4.74002384961 0.107415824916 34
0.25  4.74002384961 0.099696969697 35
0.25  4.74002384961 0.0926529180696 36
0.25  4.74002384961 0.0859736251403 37
0.25  4.74002384961 0.0796534792368 38
0.25  4.74002384961 0.0738622334456 39
0.25  4.74002384961 0.068285634119 40
0.25  4.74002384961 0.0631916386083 41
0.25  4.74002384961 0.058186026936 42
0.25  4.74002384961 0.0534189113356 43
0.25  4.74002384961 0.0490333894501 44
0.25  4.74002384961 0.0451122334456 45
0.25  4.74002384961 0.0418602693603 46
0.25  4.74002384961 0.0387457912458 47
0.25  4.74002384961 0.0362598204265 48
0.25  4.74002384961 0.033769640853 49
0.25  4.74002384961 0.0315291806958 50
0.25  4.74002384961 0.0292550505051 51
0.5  4.74002384961 0.812769360269 16
0.5  4.74002384961 0.762953142536 17
0.5  4.74002384961 0.714465488215 18
0.5  4.74002384961 0.669378507295 19
0.5  4.74002384961 0.625172558923 20
0.5  4.74002384961 0.582131032548 21
0.5  4.74002384961 0.542215207632 22
0.5  4.74002384961 0.503500280584 23
0.5  4.74002384961 0.467874579125 24
0.5  4.74002384961 0.434647867565 25
0.5  4.74002384961 0.401647025814 26
0.5  4.74002384961 0.369924242424 27
0.5  4.74002384961 0.341300505051 28
0.5  4.74002384961 0.311734006734 29
0.5  4.74002384961 0.285162738496 30
0.5  4.74002384961 0.2614828844 31
0.5  4.74002384961 0.240190796857 32
0.5  4.74002384961 0.220382996633 33
0.5  4.74002384961 0.201132154882 34
0.5  4.74002384961 0.183247755331 35
0.5  4.74002384961 0.165548540965 36
0.5  4.74002384961 0.151276655443 37
0.5  4.74002384961 0.137720258137 38
0.5  4.74002384961 0.124677328844 39
0.5  4.74002384961 0.11424382716 40
0.5  4.74002384961 0.103790684624 41
0.5  4.74002384961 0.0944093714927 42
0.5  4.74002384961 0.085645342312 43
0.5  4.74002384961 0.0778184624018 44
0.5  4.74002384961 0.0709736251403 45
0.5  4.74002384961 0.0648456790123 46
0.5  4.74002384961 0.058771043771 47
0.5  4.74002384961 0.054031986532 48
0.5  4.74002384961 0.0498849607183 49
0.5  4.74002384961 0.046148989899 50
0.5  4.74002384961 0.0424270482604 51
