16 2.94511924804
17 2.77978535354
18 2.61823442761
19 2.45898218294
20 2.30433396465
21 2.15862023008
22 2.01551311728
23 1.87977448092
24 1.74642676768
25 1.61758277217
26 1.4918844697
27 1.37750455948
28 1.27248106061
29 1.17415895062
30 1.07687815657
31 0.980167999439
32 0.89270342312
33 0.814463383838
34 0.736844486532
35 0.667497895623
36 0.601361882716
37 0.541102342873
38 0.483790684624
39 0.433227763749
40 0.384929503367
41 0.343317550505
42 0.307663089226
43 0.272377946128
44 0.240114337823
45 0.213592873176
46 0.18909161055
47 0.167770061728
48 0.151796436588
49 0.131464997194
50 0.109283459596
51 0.0938380331089
