16 2.10792613636
17 1.94312745511
18 1.78487969978
19 1.63407898429
20 1.49087015993
21 1.35732989618
22 1.23236040965
23 1.11630611672
24 1.01003402076
25 0.911965838945
26 0.822136994949
27 0.740397376543
28 0.666019570707
29 0.597762696409
30 0.535291456229
31 0.478212682379
32 0.426245089787
33 0.380388959035
34 0.339537387767
35 0.303457140853
36 0.270368967452
37 0.240548190236
38 0.214194725028
39 0.190544332211
40 0.169427609428
41 0.150550996072
42 0.134566498316
43 0.120202370932
44 0.107636083053
45 0.0967911756453
46 0.0875655864198
47 0.0795493125701
48 0.0727353395062
49 0.0665551346801
50 0.0608470117845
51 0.0561959876543
