0.25  2.88923400673 0.153741933221 16
0.25  2.88923400673 0.145681116723 17
0.25  2.88923400673 0.136345047699 18
0.25  2.88923400673 0.128387345679 19
0.25  2.88923400673 0.120589576319 20
0.25  2.88923400673 0.113523428732 21
0.25  2.88923400673 0.105990109428 22
0.25  2.88923400673 0.0983547278339 23
0.25  2.88923400673 0.0918693883277 24
0.25  2.88923400673 0.0852356902357 25
0.25  2.88923400673 0.0796250701459 26
0.25  2.88923400673 0.0732477553311 27
0.25  2.88923400673 0.0687121212121 28
0.25  2.88923400673 0.0629064955107 29
0.25  2.88923400673 0.0578247755331 30
0.25  2.88923400673 0.0524014450056 31
0.25  2.88923400673 0.0490158529742 32
0.25  2.88923400673 0.0454054433221 33
0.25  2.88923400673 0.0414390432099 34
0.25  2.88923400673 0.0381439393939 35
0.25  2.88923400673 0.0352146464646 36
0.25  2.88923400673 0.0328125 37
0.25  2.88923400673 0.029638047138 38
0.25  2.88923400673 0.0267599607183 39
0.25  2.88923400673 0.0246289281706 40
0.25  2.88923400673 0.0224077581369 41
0.25  2.88923400673 0.0209375 42
0.25  2.88923400673 0.0189393939394 43
0.25  2.88923400673 0.0181158810325 44
0.25  2.88923400673 0.0163759118967 45
0.25  2.88923400673 0.0153356481481 46
0.25  2.88923400673 0.0144774130191 47
0.25  2.88923400673 0.0136963383838 48
0.25  2.88923400673 0.012792859147 49
0.25  2.88923400673 0.0125747053872 50
0.25  2.88923400673 0.0120009118967 51
0.5  2.88923400673 0.417917718855 16
0.5  2.88923400673 0.383483445567 17
0.5  2.88923400673 0.352095258137 18
0.5  2.88923400673 0.325353535354 19
0.5  2.88923400673 0.299878998316 20
0.5  2.88923400673 0.276343995511 21
0.5  2.88923400673 0.254528619529 22
0.5  2.88923400673 0.235961349607 23
0.5  2.88923400673 0.21726746633 24
0.5  2.88923400673 0.200647446689 25
0.5  2.88923400673 0.184647166105 26
0.5  2.88923400673 0.170780373176 27
0.5  2.88923400673 0.156990740741 28
0.5  2.88923400673 0.143718083614 29
0.5  2.88923400673 0.132097011785 30
0.5  2.88923400673 0.121217382155 31
0.5  2.88923400673 0.111288229517 32
0.5  2.88923400673 0.101850098204 33
0.5  2.88923400673 0.0932039141414 34
0.5  2.88923400673 0.0848677749719 35
0.5  2.88923400673 0.0775154320988 36
0.5  2.88923400673 0.0710907687991 37
0.5  2.88923400673 0.0650932940516 38
0.5  2.88923400673 0.0587777076319 39
0.5  2.88923400673 0.0534378507295 40
0.5  2.88923400673 0.0485970819304 41
0.5  2.88923400673 0.0439109848485 42
0.5  2.88923400673 0.0398337542088 43
0.5  2.88923400673 0.0366242283951 44
0.5  2.88923400673 0.0332866863075 45
0.5  2.88923400673 0.0303500280584 46
0.5  2.88923400673 0.0280892255892 47
0.5  2.88923400673 0.0261766975309 48
0.5  2.88923400673 0.024535634119 49
0.5  2.88923400673 0.0230509960718 50
0.5  2.88923400673 0.0218280022447 51
