  3 28 28 38.08 35.68 35.46 72016 0.00 0.00 0.00     0 36.94 35.92 36.23 60293 74728 4.164
  3 28 28 38.08 35.68 35.46 72016 0.00 0.00 0.00     0 36.94 35.92 36.23 60293 74728 4.184
  1 28 28 37.37 35.61 35.51 103032 0.00 0.00 0.00     0 37.37 35.61 35.51 103032     0 1.010
  1 28 28 37.37 35.61 35.51 103032 0.00 0.00 0.00     0 37.37 35.61 35.51 103032     0 1.138
  1 28 28 37.37 35.61 35.51 103032 0.00 0.00 0.00     0 37.37 35.61 35.51 103032     0 1.017
  1 28 28 37.59 40.87 40.51 163816 0.00 0.00 0.00     0 37.59 40.87 40.51 163816     0 3.581
  1 28 28 37.58 96.30 96.30 136928 0.00 0.00 0.00     0 37.58 96.30 96.30 136928     0 3.239
  1 28 28 37.59 40.87 40.51 163816 0.00 0.00 0.00     0 37.59 40.87 40.51 163816     0 3.367
  1 28 28 37.59 40.87 40.51 163816 0.00 0.00 0.00     0 37.59 40.87 40.51 163816     0 3.233
  1 28 28 37.58 96.30 96.30 136928 0.00 0.00 0.00     0 37.58 96.30 96.30 136928     0 3.139
  1 28 28 37.58 96.30 96.30 136928 0.00 0.00 0.00     0 37.58 96.30 96.30 136928     0 3.099
  1 28 28 37.59 40.87 40.51 163816 0.00 0.00 0.00     0 37.59 40.87 40.51 163816     0 3.250
  1 28 28 37.59 40.87 40.51 163816 0.00 0.00 0.00     0 37.59 40.87 40.51 163816     0 3.217
  1 28 28 37.59 40.87 40.51 163816 0.00 0.00 0.00     0 37.59 40.87 40.51 163816     0 3.222
  1 28 28 37.59 40.87 40.51 163816 0.00 0.00 0.00     0 37.59 40.87 40.51 163816     0 3.262
  1 28 28 37.59 40.87 40.51 163816 0.00 0.00 0.00     0 37.59 40.87 40.51 163816     0 3.275
  1 28 28 37.59 40.87 40.51 163816 0.00 0.00 0.00     0 37.59 40.87 40.51 163816     0 3.228
  1 28 28 37.59 40.87 40.51 163816 0.00 0.00 0.00     0 37.59 40.87 40.51 163816     0 3.188
  1 28 28 37.59 40.87 40.51 163816 0.00 0.00 0.00     0 37.59 40.87 40.51 163816     0 3.246
  1 28 28 37.59 40.87 40.51 163816 0.00 0.00 0.00     0 37.59 40.87 40.51 163816     0 3.282
  1 28 28 37.59 40.87 40.51 163816 0.00 0.00 0.00     0 37.59 40.87 40.51 163816     0 3.217
  1 28 28 37.59 40.87 40.51 163816 0.00 0.00 0.00     0 37.59 40.87 40.51 163816     0 3.213
  1 28 28 37.59 40.87 40.51 163816 0.00 0.00 0.00     0 37.59 40.87 40.51 163816     0 3.259
  1 28 28 37.59 40.87 40.51 163816 0.00 0.00 0.00     0 37.59 40.87 40.51 163816     0 3.494
  1 28 28 37.59 40.87 40.51 163816 0.00 0.00 0.00     0 37.59 40.87 40.51 163816     0 3.497
  1 28 28 37.59 40.87 40.51 163816 0.00 0.00 0.00     0 37.59 40.87 40.51 163816     0 3.460
  1 28 28 37.59 40.87 40.51 163816 0.00 0.00 0.00     0 37.59 40.87 40.51 163816     0 3.443
  1 28 28 37.59 40.87 40.51 163816 0.00 0.00 0.00     0 37.59 40.87 40.51 163816     0 3.372
  1 28 28 37.59 40.87 40.51 163816 0.00 0.00 0.00     0 37.59 40.87 40.51 163816     0 3.485
  1 28 28 37.58 96.30 96.30 136928 0.00 0.00 0.00     0 37.58 96.30 96.30 136928     0 3.609
  1 28 28 37.58 96.30 96.30 136928 0.00 0.00 0.00     0 37.58 96.30 96.30 136928     0 3.583
  1 28 28 37.58 96.30 96.30 136928 0.00 0.00 0.00     0 37.58 96.30 96.30 136928     0 4.039
  1 28 28 37.58 96.30 96.30 136928 0.00 0.00 0.00     0 37.58 96.30 96.30 136928     0 4.115
  1 28 28 37.58 96.30 96.30 136928 0.00 0.00 0.00     0 37.58 96.30 96.30 136928     0 3.890
  1 28 28 37.58 96.30 96.30 136928 0.00 0.00 0.00     0 37.58 96.30 96.30 136928     0 4.017
  1 28 28 37.58 96.30 96.30 136928 0.00 0.00 0.00     0 37.58 96.30 96.30 136928     0 4.008
  1 28 28 37.58 96.30 96.30 136928 0.00 0.00 0.00     0 37.58 96.30 96.30 136928     0 4.287
  1 28 28 37.58 96.30 96.30 136928 0.00 0.00 0.00     0 37.58 96.30 96.30 136928     0 3.492
  1 28 28 37.58 96.30 96.30 136928 0.00 0.00 0.00     0 37.58 96.30 96.30 136928     0 3.328
  1 28 28 37.58 96.30 96.30 136928 0.00 0.00 0.00     0 37.58 96.30 96.30 136928     0 3.377
  1 28 28 37.58 96.30 96.30 136928 0.00 0.00 0.00     0 37.58 96.30 96.30 136928     0 3.192
  1 28 28 37.58 96.30 96.30 136928 0.00 0.00 0.00     0 37.58 96.30 96.30 136928     0 3.279
  1 28 28 37.58 96.30 96.30 136928 0.00 0.00 0.00     0 37.58 96.30 96.30 136928     0 3.306
  1 28 28 37.58 96.30 96.30 136928 0.00 0.00 0.00     0 37.58 96.30 96.30 136928     0 3.321
  1 28 28 37.58 96.30 96.30 136928 0.00 0.00 0.00     0 37.58 96.30 96.30 136928     0 3.355
  1 28 28 37.58 96.30 96.30 136928 0.00 0.00 0.00     0 37.58 96.30 96.30 136928     0 3.189
  1 28 28 37.58 96.30 96.30 136928 0.00 0.00 0.00     0 37.58 96.30 96.30 136928     0 3.321
  1 28 28 37.58 96.30 96.30 136928 0.00 0.00 0.00     0 37.58 96.30 96.30 136928     0 3.292
  1 28 28 37.58 96.30 96.30 136928 0.00 0.00 0.00     0 37.58 96.30 96.30 136928     0 3.250
  1 28 28 37.58 96.30 96.30 136928 0.00 0.00 0.00     0 37.58 96.30 96.30 136928     0 3.341
  1 28 28 37.58 96.30 96.30 136928 0.00 0.00 0.00     0 37.58 96.30 96.30 136928     0 3.351
  1 28 28 37.58 96.30 96.30 136928 0.00 0.00 0.00     0 37.58 96.30 96.30 136928     0 3.310
  1 28 28 37.58 96.30 96.30 136928 0.00 0.00 0.00     0 37.58 96.30 96.30 136928     0 3.675
  1 28 28 37.58 96.30 96.30 136928 0.00 0.00 0.00     0 37.58 96.30 96.30 136928     0 3.250
  1 28 28 37.58 96.30 96.30 136928 0.00 0.00 0.00     0 37.58 96.30 96.30 136928     0 3.374
  1 28 28 37.58 96.30 96.30 136928 0.00 0.00 0.00     0 37.58 96.30 96.30 136928     0 3.475
  1 28 28 37.58 96.30 96.30 136928 0.00 0.00 0.00     0 37.58 96.30 96.30 136928     0 3.329
  1 28 28 37.58 96.30 96.30 136928 0.00 0.00 0.00     0 37.58 96.30 96.30 136928     0 3.324
  1 28 28 37.58 96.30 96.30 136928 0.00 0.00 0.00     0 37.58 96.30 96.30 136928     0 3.326
  1 28 28 37.58 96.30 96.30 136928 0.00 0.00 0.00     0 37.58 96.30 96.30 136928     0 3.289
  1 28 28 37.58 96.30 96.30 136928 0.00 0.00 0.00     0 37.58 96.30 96.30 136928     0 3.217
  1 28 28 37.58 96.30 96.30 136928 0.00 0.00 0.00     0 37.58 96.30 96.30 136928     0 3.329
  1 28 28 37.58 96.30 96.30 136928 0.00 0.00 0.00     0 37.58 96.30 96.30 136928     0 3.335
  1 28 28 37.58 96.30 96.30 136928 0.00 0.00 0.00     0 37.58 96.30 96.30 136928     0 3.241
  1 28 28 37.58 96.30 96.30 136928 0.00 0.00 0.00     0 37.58 96.30 96.30 136928     0 3.327
  1 28 28 37.58 96.30 96.30 136928 0.00 0.00 0.00     0 37.58 96.30 96.30 136928     0 3.252
  1 28 28 37.58 96.30 96.30 136928 0.00 0.00 0.00     0 37.58 96.30 96.30 136928     0 3.496
  1 28 28 37.58 96.30 96.30 136928 0.00 0.00 0.00     0 37.58 96.30 96.30 136928     0 3.532
  1 28 28 37.58 96.30 96.30 136928 0.00 0.00 0.00     0 37.58 96.30 96.30 136928     0 3.484
  1 28 28 37.58 96.30 96.30 136928 0.00 0.00 0.00     0 37.58 96.30 96.30 136928     0 3.329
  1 28 28 37.58 96.30 96.30 136928 0.00 0.00 0.00     0 37.58 96.30 96.30 136928     0 3.386
  1 28 28 37.58 96.30 96.30 136928 0.00 0.00 0.00     0 37.58 96.30 96.30 136928     0 3.290
  1 28 28 37.58 96.30 96.30 136928 0.00 0.00 0.00     0 37.58 96.30 96.30 136928     0 3.334
  1 28 28 37.58 96.30 96.30 136928 0.00 0.00 0.00     0 37.58 96.30 96.30 136928     0 3.503
  1 28 28 37.58 96.30 96.30 136928 0.00 0.00 0.00     0 37.58 96.30 96.30 136928     0 3.518
  1 28 28 37.58 96.30 96.30 136928 0.00 0.00 0.00     0 37.58 96.30 96.30 136928     0 3.455
  1 28 28 37.58 96.30 96.30 136928 0.00 0.00 0.00     0 37.58 96.30 96.30 136928     0 3.365
  1 28 28 37.58 96.30 96.30 136928 0.00 0.00 0.00     0 37.58 96.30 96.30 136928     0 3.344
  1 28 28 35.88 78.23 78.23  6720 0.00 0.00 0.00     0 35.88 78.23 78.23  6720     0 0.202
  1 28 28 35.88 78.23 78.23  6720 0.00 0.00 0.00     0 35.88 78.23 78.23  6720     0 0.078
  1 28 28 35.88 78.23 78.23  6720 0.00 0.00 0.00     0 35.88 78.23 78.23  6720     0 0.083
  1 28 28 35.88 78.23 78.23  6720 0.00 0.00 0.00     0 35.88 78.23 78.23  6720     0 0.102
  1 28 28 35.88 78.23 78.23  6720 0.00 0.00 0.00     0 35.88 78.23 78.23  6720     0 0.081
  1 28 28 35.88 78.23 78.23  6720 0.00 0.00 0.00     0 35.88 78.23 78.23  6720     0 0.074
  1 28 28 35.88 78.23 78.23  6720 0.00 0.00 0.00     0 35.88 78.23 78.23  6720     0 0.072
  1 28 28 35.88 78.23 78.23  6720 0.00 0.00 0.00     0 35.88 78.23 78.23  6720     0 0.101
  1 28 28 35.88 78.23 78.23  6720 0.00 0.00 0.00     0 35.88 78.23 78.23  6720     0 0.083
  1 28 28 35.88 78.23 78.23  6720 0.00 0.00 0.00     0 35.88 78.23 78.23  6720     0 0.087
  1 28 28 35.88 78.23 78.23  6720 0.00 0.00 0.00     0 35.88 78.23 78.23  6720     0 0.073
  1 28 28 35.88 78.23 78.23  6720 0.00 0.00 0.00     0 35.88 78.23 78.23  6720     0 0.075
  1 28 28 35.88 78.23 78.23  6720 0.00 0.00 0.00     0 35.88 78.23 78.23  6720     0 0.082
  1 28 28 35.88 78.23 78.23  6720 0.00 0.00 0.00     0 35.88 78.23 78.23  6720     0 0.077
  1 28 28 35.88 78.23 78.23  6720 0.00 0.00 0.00     0 35.88 78.23 78.23  6720     0 0.076
  1 28 28 35.88 78.23 78.23  6720 0.00 0.00 0.00     0 35.88 78.23 78.23  6720     0 0.078
  1 28 28 35.88 78.23 78.23  6720 0.00 0.00 0.00     0 35.88 78.23 78.23  6720     0 0.077
  1 28 28 35.88 78.23 78.23  6720 0.00 0.00 0.00     0 35.88 78.23 78.23  6720     0 0.095
  1 28 28 35.88 78.23 78.23  6720 0.00 0.00 0.00     0 35.88 78.23 78.23  6720     0 0.076
  1 28 28 35.88 78.23 78.23  6720 0.00 0.00 0.00     0 35.88 78.23 78.23  6720     0 0.072
  1 28 28 35.88 78.23 78.23  6720 0.00 0.00 0.00     0 35.88 78.23 78.23  6720     0 0.080
  1 28 28 35.88 78.23 78.23  6720 0.00 0.00 0.00     0 35.88 78.23 78.23  6720     0 0.077
  1 28 28 35.88 78.23 78.23  6720 0.00 0.00 0.00     0 35.88 78.23 78.23  6720     0 0.078
  1 28 28 35.88 78.23 78.23  6720 0.00 0.00 0.00     0 35.88 78.23 78.23  6720     0 0.082
  1 28 28 35.88 78.23 78.23  6720 0.00 0.00 0.00     0 35.88 78.23 78.23  6720     0 0.112
  1 28 28 35.88 78.23 78.23  6720 0.00 0.00 0.00     0 35.88 78.23 78.23  6720     0 0.082
  1 28 28 35.88 78.23 78.23  6720 0.00 0.00 0.00     0 35.88 78.23 78.23  6720     0 0.079
  1 28 28 35.88 78.23 78.23  6720 0.00 0.00 0.00     0 35.88 78.23 78.23  6720     0 0.083
  1 28 28 35.88 78.23 78.23  6720 0.00 0.00 0.00     0 35.88 78.23 78.23  6720     0 0.075
  1 28 28 35.88 78.23 78.23  6720 0.00 0.00 0.00     0 35.88 78.23 78.23  6720     0 0.101
  1 28 28 35.88 78.23 78.23  6720 0.00 0.00 0.00     0 35.88 78.23 78.23  6720     0 0.081
  1 28 28 35.88 78.23 78.23  6720 0.00 0.00 0.00     0 35.88 78.23 78.23  6720     0 0.077
  1 28 28 35.88 78.23 78.23  6720 0.00 0.00 0.00     0 35.88 78.23 78.23  6720     0 0.078
  1 28 28 35.88 78.23 78.23  6720 0.00 0.00 0.00     0 35.88 78.23 78.23  6720     0 0.099
  1 28 28 35.88 78.23 78.23  6720 0.00 0.00 0.00     0 35.88 78.23 78.23  6720     0 0.077
  1 28 28 35.88 78.23 78.23  6720 0.00 0.00 0.00     0 35.88 78.23 78.23  6720     0 0.086
  1 28 28 36.73 84.25 84.25 19776 0.00 0.00 0.00     0 36.73 84.25 84.25 19776     0 0.250
  1 28 28 36.73 84.25 84.25 19776 0.00 0.00 0.00     0 36.73 84.25 84.25 19776     0 0.264
  1 28 28 36.73 84.25 84.25 19776 0.00 0.00 0.00     0 36.73 84.25 84.25 19776     0 0.255
  1 28 28 36.73 84.25 84.25 19776 0.00 0.00 0.00     0 36.73 84.25 84.25 19776     0 0.258
  1 28 28 36.73 84.25 84.25 19776 0.00 0.00 0.00     0 36.73 84.25 84.25 19776     0 0.268
  1 28 28 36.73 84.25 84.25 19776 0.00 0.00 0.00     0 36.73 84.25 84.25 19776     0 0.256
  1 28 28 36.73 84.25 84.25 19776 0.00 0.00 0.00     0 36.73 84.25 84.25 19776     0 0.245
  1 28 28 36.73 84.25 84.25 19776 0.00 0.00 0.00     0 36.73 84.25 84.25 19776     0 0.271
  1 28 28 36.73 84.25 84.25 19776 0.00 0.00 0.00     0 36.73 84.25 84.25 19776     0 0.264
  1 28 28 37.36 87.78 87.78 35872 0.00 0.00 0.00     0 37.36 87.78 87.78 35872     0 0.522
  1 28 28 37.36 87.78 87.78 35872 0.00 0.00 0.00     0 37.36 87.78 87.78 35872     0 0.510
  1 28 28 37.36 87.78 87.78 35872 0.00 0.00 0.00     0 37.36 87.78 87.78 35872     0 0.535
  1 28 28 37.36 87.78 87.78 35872 0.00 0.00 0.00     0 37.36 87.78 87.78 35872     0 0.511
  1 28 28 37.36 87.78 87.78 35872 0.00 0.00 0.00     0 37.36 87.78 87.78 35872     0 0.519
  1 28 28 37.36 87.78 87.78 35872 0.00 0.00 0.00     0 37.36 87.78 87.78 35872     0 0.537
  1 28 28 37.36 87.78 87.78 35872 0.00 0.00 0.00     0 37.36 87.78 87.78 35872     0 0.521
  1 28 28 37.36 87.78 87.78 35872 0.00 0.00 0.00     0 37.36 87.78 87.78 35872     0 0.532
  1 28 28 37.36 87.78 87.78 35872 0.00 0.00 0.00     0 37.36 87.78 87.78 35872     0 0.574
  1 28 28 37.54 90.28 90.28 55616 0.00 0.00 0.00     0 37.54 90.28 90.28 55616     0 0.864
  1 28 28 37.54 90.28 90.28 55616 0.00 0.00 0.00     0 37.54 90.28 90.28 55616     0 0.861
  1 28 28 37.54 90.28 90.28 55616 0.00 0.00 0.00     0 37.54 90.28 90.28 55616     0 0.925
  1 28 28 37.54 90.28 90.28 55616 0.00 0.00 0.00     0 37.54 90.28 90.28 55616     0 0.849
  1 28 28 37.54 90.28 90.28 55616 0.00 0.00 0.00     0 37.54 90.28 90.28 55616     0 0.935
  1 28 28 37.54 90.28 90.28 55616 0.00 0.00 0.00     0 37.54 90.28 90.28 55616     0 0.915
  1 28 28 37.54 90.28 90.28 55616 0.00 0.00 0.00     0 37.54 90.28 90.28 55616     0 0.862
  1 28 28 37.54 90.28 90.28 55616 0.00 0.00 0.00     0 37.54 90.28 90.28 55616     0 0.918
  1 28 28 37.54 90.28 90.28 55616 0.00 0.00 0.00     0 37.54 90.28 90.28 55616     0 0.877
  1 28 28 37.70 92.21 92.21 73544 0.00 0.00 0.00     0 37.70 92.21 92.21 73544     0 1.350
  1 28 28 37.70 92.21 92.21 73544 0.00 0.00 0.00     0 37.70 92.21 92.21 73544     0 1.322
  1 28 28 37.70 92.21 92.21 73544 0.00 0.00 0.00     0 37.70 92.21 92.21 73544     0 1.366
  1 28 28 37.70 92.21 92.21 73544 0.00 0.00 0.00     0 37.70 92.21 92.21 73544     0 1.296
  1 28 28 37.70 92.21 92.21 73544 0.00 0.00 0.00     0 37.70 92.21 92.21 73544     0 1.393
  1 28 28 37.70 92.21 92.21 73544 0.00 0.00 0.00     0 37.70 92.21 92.21 73544     0 1.329
  1 28 28 37.70 92.21 92.21 73544 0.00 0.00 0.00     0 37.70 92.21 92.21 73544     0 1.296
  1 28 28 37.70 92.21 92.21 73544 0.00 0.00 0.00     0 37.70 92.21 92.21 73544     0 1.309
  1 28 28 37.70 92.21 92.21 73544 0.00 0.00 0.00     0 37.70 92.21 92.21 73544     0 1.302
  1 28 28 37.70 93.80 93.80 93880 0.00 0.00 0.00     0 37.70 93.80 93.80 93880     0 1.817
  1 28 28 37.70 93.80 93.80 93880 0.00 0.00 0.00     0 37.70 93.80 93.80 93880     0 1.847
  1 28 28 37.70 93.80 93.80 93880 0.00 0.00 0.00     0 37.70 93.80 93.80 93880     0 1.857
  1 28 28 37.70 93.80 93.80 93880 0.00 0.00 0.00     0 37.70 93.80 93.80 93880     0 1.842
  1 28 28 37.70 93.80 93.80 93880 0.00 0.00 0.00     0 37.70 93.80 93.80 93880     0 1.828
  1 28 28 37.70 93.80 93.80 93880 0.00 0.00 0.00     0 37.70 93.80 93.80 93880     0 1.801
  1 28 28 37.70 93.80 93.80 93880 0.00 0.00 0.00     0 37.70 93.80 93.80 93880     0 1.812
  1 28 28 37.70 93.80 93.80 93880 0.00 0.00 0.00     0 37.70 93.80 93.80 93880     0 1.818
  1 28 28 37.70 93.80 93.80 93880 0.00 0.00 0.00     0 37.70 93.80 93.80 93880     0 1.811
  1 28 28 37.66 95.14 95.14 114336 0.00 0.00 0.00     0 37.66 95.14 95.14 114336     0 2.389
  1 28 28 37.66 95.14 95.14 114336 0.00 0.00 0.00     0 37.66 95.14 95.14 114336     0 2.418
  1 28 28 37.66 95.14 95.14 114336 0.00 0.00 0.00     0 37.66 95.14 95.14 114336     0 2.455
  1 28 28 37.66 95.14 95.14 114336 0.00 0.00 0.00     0 37.66 95.14 95.14 114336     0 2.511
  1 28 28 37.66 95.14 95.14 114336 0.00 0.00 0.00     0 37.66 95.14 95.14 114336     0 2.430
  1 28 28 37.66 95.14 95.14 114336 0.00 0.00 0.00     0 37.66 95.14 95.14 114336     0 2.414
  1 28 28 37.66 95.14 95.14 114336 0.00 0.00 0.00     0 37.66 95.14 95.14 114336     0 2.420
  1 28 28 37.66 95.14 95.14 114336 0.00 0.00 0.00     0 37.66 95.14 95.14 114336     0 2.438
  1 28 28 37.66 95.14 95.14 114336 0.00 0.00 0.00     0 37.66 95.14 95.14 114336     0 2.430
  1 28 28 37.58 96.30 96.30 136928 0.00 0.00 0.00     0 37.58 96.30 96.30 136928     0 3.163
  1 28 28 37.58 96.30 96.30 136928 0.00 0.00 0.00     0 37.58 96.30 96.30 136928     0 3.068
  1 28 28 37.58 96.30 96.30 136928 0.00 0.00 0.00     0 37.58 96.30 96.30 136928     0 3.175
  1 28 28 37.58 96.30 96.30 136928 0.00 0.00 0.00     0 37.58 96.30 96.30 136928     0 3.077
  1 28 28 37.58 96.30 96.30 136928 0.00 0.00 0.00     0 37.58 96.30 96.30 136928     0 3.352
  1 28 28 37.58 96.30 96.30 136928 0.00 0.00 0.00     0 37.58 96.30 96.30 136928     0 3.158
  1 28 28 37.58 96.30 96.30 136928 0.00 0.00 0.00     0 37.58 96.30 96.30 136928     0 3.114
  1 28 28 37.58 96.30 96.30 136928 0.00 0.00 0.00     0 37.58 96.30 96.30 136928     0 3.193
  1 28 28 37.58 96.30 96.30 136928 0.00 0.00 0.00     0 37.58 96.30 96.30 136928     0 3.091
  1 28 28 35.88 78.23 78.23  6720 0.00 0.00 0.00     0 35.88 78.23 78.23  6720     0 0.088
  1 28 28 35.88 78.23 78.23  6720 0.00 0.00 0.00     0 35.88 78.23 78.23  6720     0 0.079
  1 28 28 35.88 78.23 78.23  6720 0.00 0.00 0.00     0 35.88 78.23 78.23  6720     0 0.073
  1 28 28 35.88 78.23 78.23  6720 0.00 0.00 0.00     0 35.88 78.23 78.23  6720     0 0.082
  1 28 28 35.88 78.23 78.23  6720 0.00 0.00 0.00     0 35.88 78.23 78.23  6720     0 0.092
  1 28 28 35.88 78.23 78.23  6720 0.00 0.00 0.00     0 35.88 78.23 78.23  6720     0 0.085
  1 28 28 35.88 78.23 78.23  6720 0.00 0.00 0.00     0 35.88 78.23 78.23  6720     0 0.082
  1 28 28 35.88 78.23 78.23  6720 0.00 0.00 0.00     0 35.88 78.23 78.23  6720     0 0.076
  1 28 28 35.88 78.23 78.23  6720 0.00 0.00 0.00     0 35.88 78.23 78.23  6720     0 0.076
  1 28 28 36.73 84.25 84.25 19776 0.00 0.00 0.00     0 36.73 84.25 84.25 19776     0 0.253
  1 28 28 36.73 84.25 84.25 19776 0.00 0.00 0.00     0 36.73 84.25 84.25 19776     0 0.259
  1 28 28 36.73 84.25 84.25 19776 0.00 0.00 0.00     0 36.73 84.25 84.25 19776     0 0.250
  1 28 28 36.73 84.25 84.25 19776 0.00 0.00 0.00     0 36.73 84.25 84.25 19776     0 0.250
  1 28 28 36.73 84.25 84.25 19776 0.00 0.00 0.00     0 36.73 84.25 84.25 19776     0 0.257
  1 28 28 36.73 84.25 84.25 19776 0.00 0.00 0.00     0 36.73 84.25 84.25 19776     0 0.297
  1 28 28 36.73 84.25 84.25 19776 0.00 0.00 0.00     0 36.73 84.25 84.25 19776     0 0.248
  1 28 28 36.73 84.25 84.25 19776 0.00 0.00 0.00     0 36.73 84.25 84.25 19776     0 0.262
  1 28 28 36.73 84.25 84.25 19776 0.00 0.00 0.00     0 36.73 84.25 84.25 19776     0 0.271
  1 28 28 37.36 87.78 87.78 35872 0.00 0.00 0.00     0 37.36 87.78 87.78 35872     0 0.502
  1 28 28 37.36 87.78 87.78 35872 0.00 0.00 0.00     0 37.36 87.78 87.78 35872     0 0.512
  1 28 28 37.36 87.78 87.78 35872 0.00 0.00 0.00     0 37.36 87.78 87.78 35872     0 0.512
  1 28 28 37.36 87.78 87.78 35872 0.00 0.00 0.00     0 37.36 87.78 87.78 35872     0 0.545
  1 28 28 37.36 87.78 87.78 35872 0.00 0.00 0.00     0 37.36 87.78 87.78 35872     0 0.514
  1 28 28 37.36 87.78 87.78 35872 0.00 0.00 0.00     0 37.36 87.78 87.78 35872     0 0.585
  1 28 28 37.36 87.78 87.78 35872 0.00 0.00 0.00     0 37.36 87.78 87.78 35872     0 0.504
  1 28 28 37.36 87.78 87.78 35872 0.00 0.00 0.00     0 37.36 87.78 87.78 35872     0 0.506
  1 28 28 37.36 87.78 87.78 35872 0.00 0.00 0.00     0 37.36 87.78 87.78 35872     0 0.552
  1 28 28 37.54 90.28 90.28 55616 0.00 0.00 0.00     0 37.54 90.28 90.28 55616     0 0.863
  1 28 28 37.54 90.28 90.28 55616 0.00 0.00 0.00     0 37.54 90.28 90.28 55616     0 0.866
  1 28 28 37.54 90.28 90.28 55616 0.00 0.00 0.00     0 37.54 90.28 90.28 55616     0 0.881
  1 28 28 37.54 90.28 90.28 55616 0.00 0.00 0.00     0 37.54 90.28 90.28 55616     0 0.904
  1 28 28 37.54 90.28 90.28 55616 0.00 0.00 0.00     0 37.54 90.28 90.28 55616     0 0.905
  1 28 28 37.54 90.28 90.28 55616 0.00 0.00 0.00     0 37.54 90.28 90.28 55616     0 0.846
  1 28 28 37.54 90.28 90.28 55616 0.00 0.00 0.00     0 37.54 90.28 90.28 55616     0 0.931
  1 28 28 37.54 90.28 90.28 55616 0.00 0.00 0.00     0 37.54 90.28 90.28 55616     0 0.886
  1 28 28 37.54 90.28 90.28 55616 0.00 0.00 0.00     0 37.54 90.28 90.28 55616     0 0.933
  1 28 28 37.70 92.21 92.21 73544 0.00 0.00 0.00     0 37.70 92.21 92.21 73544     0 1.299
  1 28 28 37.70 92.21 92.21 73544 0.00 0.00 0.00     0 37.70 92.21 92.21 73544     0 1.299
  1 28 28 37.70 92.21 92.21 73544 0.00 0.00 0.00     0 37.70 92.21 92.21 73544     0 1.328
  1 28 28 37.70 92.21 92.21 73544 0.00 0.00 0.00     0 37.70 92.21 92.21 73544     0 1.367
  1 28 28 37.70 92.21 92.21 73544 0.00 0.00 0.00     0 37.70 92.21 92.21 73544     0 1.335
  1 28 28 37.70 92.21 92.21 73544 0.00 0.00 0.00     0 37.70 92.21 92.21 73544     0 1.346
  1 28 28 37.70 92.21 92.21 73544 0.00 0.00 0.00     0 37.70 92.21 92.21 73544     0 1.350
  1 28 28 37.70 92.21 92.21 73544 0.00 0.00 0.00     0 37.70 92.21 92.21 73544     0 1.345
  1 28 28 37.70 92.21 92.21 73544 0.00 0.00 0.00     0 37.70 92.21 92.21 73544     0 1.279
  1 28 28 37.70 93.80 93.80 93880 0.00 0.00 0.00     0 37.70 93.80 93.80 93880     0 1.786
  1 28 28 37.70 93.80 93.80 93880 0.00 0.00 0.00     0 37.70 93.80 93.80 93880     0 1.887
  1 28 28 37.70 93.80 93.80 93880 0.00 0.00 0.00     0 37.70 93.80 93.80 93880     0 1.791
  1 28 28 37.70 93.80 93.80 93880 0.00 0.00 0.00     0 37.70 93.80 93.80 93880     0 1.831
  1 28 28 37.70 93.80 93.80 93880 0.00 0.00 0.00     0 37.70 93.80 93.80 93880     0 1.940
  1 28 28 37.70 93.80 93.80 93880 0.00 0.00 0.00     0 37.70 93.80 93.80 93880     0 1.896
  1 28 28 37.70 93.80 93.80 93880 0.00 0.00 0.00     0 37.70 93.80 93.80 93880     0 1.820
  1 28 28 37.70 93.80 93.80 93880 0.00 0.00 0.00     0 37.70 93.80 93.80 93880     0 1.824
  1 28 28 37.70 93.80 93.80 93880 0.00 0.00 0.00     0 37.70 93.80 93.80 93880     0 1.860
  1 28 28 37.66 95.14 95.14 114336 0.00 0.00 0.00     0 37.66 95.14 95.14 114336     0 2.490
  1 28 28 37.66 95.14 95.14 114336 0.00 0.00 0.00     0 37.66 95.14 95.14 114336     0 2.464
  1 28 28 37.66 95.14 95.14 114336 0.00 0.00 0.00     0 37.66 95.14 95.14 114336     0 2.494
  1 28 28 37.66 95.14 95.14 114336 0.00 0.00 0.00     0 37.66 95.14 95.14 114336     0 2.761
  1 28 28 37.66 95.14 95.14 114336 0.00 0.00 0.00     0 37.66 95.14 95.14 114336     0 2.853
  1 28 28 37.66 95.14 95.14 114336 0.00 0.00 0.00     0 37.66 95.14 95.14 114336     0 2.524
  1 28 28 37.66 95.14 95.14 114336 0.00 0.00 0.00     0 37.66 95.14 95.14 114336     0 2.793
  1 28 28 37.66 95.14 95.14 114336 0.00 0.00 0.00     0 37.66 95.14 95.14 114336     0 2.544
  1 28 28 37.66 95.14 95.14 114336 0.00 0.00 0.00     0 37.66 95.14 95.14 114336     0 2.428
  1 28 28 37.58 96.30 96.30 136928 0.00 0.00 0.00     0 37.58 96.30 96.30 136928     0 3.141
  1 28 28 37.58 96.30 96.30 136928 0.00 0.00 0.00     0 37.58 96.30 96.30 136928     0 3.171
  1 28 28 37.58 96.30 96.30 136928 0.00 0.00 0.00     0 37.58 96.30 96.30 136928     0 3.183
  1 28 28 37.58 96.30 96.30 136928 0.00 0.00 0.00     0 37.58 96.30 96.30 136928     0 3.119
  1 28 28 37.58 96.30 96.30 136928 0.00 0.00 0.00     0 37.58 96.30 96.30 136928     0 3.222
  1 28 28 37.58 96.30 96.30 136928 0.00 0.00 0.00     0 37.58 96.30 96.30 136928     0 3.123
  1 28 28 37.58 96.30 96.30 136928 0.00 0.00 0.00     0 37.58 96.30 96.30 136928     0 3.238
  1 28 28 37.58 96.30 96.30 136928 0.00 0.00 0.00     0 37.58 96.30 96.30 136928     0 3.996
  1 28 28 37.58 96.30 96.30 136928 0.00 0.00 0.00     0 37.58 96.30 96.30 136928     0 4.305
  1 28 28 35.88 78.23 78.23  6720 0.00 0.00 0.00     0 35.88 78.23 78.23  6720     0 0.101
  1 28 28 35.88 78.23 78.23  6720 0.00 0.00 0.00     0 35.88 78.23 78.23  6720     0 0.108
  1 28 28 35.88 78.23 78.23  6720 0.00 0.00 0.00     0 35.88 78.23 78.23  6720     0 0.103
  1 28 28 35.88 78.23 78.23  6720 0.00 0.00 0.00     0 35.88 78.23 78.23  6720     0 0.084
  1 28 28 35.88 78.23 78.23  6720 0.00 0.00 0.00     0 35.88 78.23 78.23  6720     0 0.098
  1 28 28 35.88 78.23 78.23  6720 0.00 0.00 0.00     0 35.88 78.23 78.23  6720     0 0.081
  1 28 28 35.88 78.23 78.23  6720 0.00 0.00 0.00     0 35.88 78.23 78.23  6720     0 0.127
  1 28 28 35.88 78.23 78.23  6720 0.00 0.00 0.00     0 35.88 78.23 78.23  6720     0 0.130
  1 28 28 35.88 78.23 78.23  6720 0.00 0.00 0.00     0 35.88 78.23 78.23  6720     0 0.089
  1 28 28 36.73 84.25 84.25 19776 0.00 0.00 0.00     0 36.73 84.25 84.25 19776     0 0.256
  1 28 28 36.73 84.25 84.25 19776 0.00 0.00 0.00     0 36.73 84.25 84.25 19776     0 0.294
  1 28 28 36.73 84.25 84.25 19776 0.00 0.00 0.00     0 36.73 84.25 84.25 19776     0 0.278
  1 28 28 36.73 84.25 84.25 19776 0.00 0.00 0.00     0 36.73 84.25 84.25 19776     0 0.240
  1 28 28 36.73 84.25 84.25 19776 0.00 0.00 0.00     0 36.73 84.25 84.25 19776     0 0.324
  1 28 28 36.73 84.25 84.25 19776 0.00 0.00 0.00     0 36.73 84.25 84.25 19776     0 0.321
  1 28 28 36.73 84.25 84.25 19776 0.00 0.00 0.00     0 36.73 84.25 84.25 19776     0 0.259
  1 28 28 36.73 84.25 84.25 19776 0.00 0.00 0.00     0 36.73 84.25 84.25 19776     0 0.261
  1 28 28 36.73 84.25 84.25 19776 0.00 0.00 0.00     0 36.73 84.25 84.25 19776     0 0.293
  1 28 28 37.36 87.78 87.78 35872 0.00 0.00 0.00     0 37.36 87.78 87.78 35872     0 0.515
  1 28 28 37.36 87.78 87.78 35872 0.00 0.00 0.00     0 37.36 87.78 87.78 35872     0 0.511
  1 28 28 37.36 87.78 87.78 35872 0.00 0.00 0.00     0 37.36 87.78 87.78 35872     0 0.509
  1 28 28 37.36 87.78 87.78 35872 0.00 0.00 0.00     0 37.36 87.78 87.78 35872     0 0.569
  1 28 28 37.36 87.78 87.78 35872 0.00 0.00 0.00     0 37.36 87.78 87.78 35872     0 0.507
  1 28 28 37.36 87.78 87.78 35872 0.00 0.00 0.00     0 37.36 87.78 87.78 35872     0 0.550
  1 28 28 37.36 87.78 87.78 35872 0.00 0.00 0.00     0 37.36 87.78 87.78 35872     0 0.539
  1 28 28 37.36 87.78 87.78 35872 0.00 0.00 0.00     0 37.36 87.78 87.78 35872     0 0.564
  1 28 28 37.36 87.78 87.78 35872 0.00 0.00 0.00     0 37.36 87.78 87.78 35872     0 0.514
  1 28 28 37.54 90.28 90.28 55616 0.00 0.00 0.00     0 37.54 90.28 90.28 55616     0 0.880
  1 28 28 37.54 90.28 90.28 55616 0.00 0.00 0.00     0 37.54 90.28 90.28 55616     0 0.868
  1 28 28 37.54 90.28 90.28 55616 0.00 0.00 0.00     0 37.54 90.28 90.28 55616     0 0.914
  1 28 28 37.54 90.28 90.28 55616 0.00 0.00 0.00     0 37.54 90.28 90.28 55616     0 0.994
  1 28 28 37.54 90.28 90.28 55616 0.00 0.00 0.00     0 37.54 90.28 90.28 55616     0 0.965
  1 28 28 37.54 90.28 90.28 55616 0.00 0.00 0.00     0 37.54 90.28 90.28 55616     0 1.026
  1 28 28 37.54 90.28 90.28 55616 0.00 0.00 0.00     0 37.54 90.28 90.28 55616     0 0.879
  1 28 28 37.54 90.28 90.28 55616 0.00 0.00 0.00     0 37.54 90.28 90.28 55616     0 0.948
  1 28 28 37.54 90.28 90.28 55616 0.00 0.00 0.00     0 37.54 90.28 90.28 55616     0 0.864
  1 28 28 37.70 92.21 92.21 73544 0.00 0.00 0.00     0 37.70 92.21 92.21 73544     0 1.339
  1 28 28 37.70 92.21 92.21 73544 0.00 0.00 0.00     0 37.70 92.21 92.21 73544     0 1.290
  1 28 28 37.70 92.21 92.21 73544 0.00 0.00 0.00     0 37.70 92.21 92.21 73544     0 1.340
  1 28 28 37.70 92.21 92.21 73544 0.00 0.00 0.00     0 37.70 92.21 92.21 73544     0 1.321
  1 28 28 37.70 92.21 92.21 73544 0.00 0.00 0.00     0 37.70 92.21 92.21 73544     0 1.310
  1 28 28 37.70 92.21 92.21 73544 0.00 0.00 0.00     0 37.70 92.21 92.21 73544     0 1.351
  1 28 28 37.70 92.21 92.21 73544 0.00 0.00 0.00     0 37.70 92.21 92.21 73544     0 1.323
  1 28 28 37.70 92.21 92.21 73544 0.00 0.00 0.00     0 37.70 92.21 92.21 73544     0 1.376
  1 28 28 37.70 92.21 92.21 73544 0.00 0.00 0.00     0 37.70 92.21 92.21 73544     0 1.346
  1 28 28 37.70 93.80 93.80 93880 0.00 0.00 0.00     0 37.70 93.80 93.80 93880     0 2.127
  1 28 28 37.70 93.80 93.80 93880 0.00 0.00 0.00     0 37.70 93.80 93.80 93880     0 2.063
  1 28 28 37.70 93.80 93.80 93880 0.00 0.00 0.00     0 37.70 93.80 93.80 93880     0 1.966
  1 28 28 37.70 93.80 93.80 93880 0.00 0.00 0.00     0 37.70 93.80 93.80 93880     0 2.103
  1 28 28 37.70 93.80 93.80 93880 0.00 0.00 0.00     0 37.70 93.80 93.80 93880     0 1.957
  1 28 28 37.70 93.80 93.80 93880 0.00 0.00 0.00     0 37.70 93.80 93.80 93880     0 1.923
  1 28 28 37.70 93.80 93.80 93880 0.00 0.00 0.00     0 37.70 93.80 93.80 93880     0 1.985
  1 28 28 37.70 93.80 93.80 93880 0.00 0.00 0.00     0 37.70 93.80 93.80 93880     0 2.084
  1 28 28 37.70 93.80 93.80 93880 0.00 0.00 0.00     0 37.70 93.80 93.80 93880     0 2.117
  1 28 28 37.66 95.14 95.14 114336 0.00 0.00 0.00     0 37.66 95.14 95.14 114336     0 2.707
  1 28 28 37.66 95.14 95.14 114336 0.00 0.00 0.00     0 37.66 95.14 95.14 114336     0 2.749
  1 28 28 37.66 95.14 95.14 114336 0.00 0.00 0.00     0 37.66 95.14 95.14 114336     0 2.423
  1 28 28 37.66 95.14 95.14 114336 0.00 0.00 0.00     0 37.66 95.14 95.14 114336     0 2.407
  1 28 28 37.66 95.14 95.14 114336 0.00 0.00 0.00     0 37.66 95.14 95.14 114336     0 2.482
  1 28 28 37.66 95.14 95.14 114336 0.00 0.00 0.00     0 37.66 95.14 95.14 114336     0 2.582
  1 28 28 37.66 95.14 95.14 114336 0.00 0.00 0.00     0 37.66 95.14 95.14 114336     0 2.480
  1 28 28 37.66 95.14 95.14 114336 0.00 0.00 0.00     0 37.66 95.14 95.14 114336     0 2.462
  1 28 28 37.66 95.14 95.14 114336 0.00 0.00 0.00     0 37.66 95.14 95.14 114336     0 2.524
  1 28 28 37.58 96.30 96.30 136928 0.00 0.00 0.00     0 37.58 96.30 96.30 136928     0 3.066
  1 28 28 37.58 96.30 96.30 136928 0.00 0.00 0.00     0 37.58 96.30 96.30 136928     0 3.221
  1 28 28 37.58 96.30 96.30 136928 0.00 0.00 0.00     0 37.58 96.30 96.30 136928     0 3.117
  1 28 28 37.58 96.30 96.30 136928 0.00 0.00 0.00     0 37.58 96.30 96.30 136928     0 3.097
  1 28 28 37.58 96.30 96.30 136928 0.00 0.00 0.00     0 37.58 96.30 96.30 136928     0 3.128
  1 28 28 37.58 96.30 96.30 136928 0.00 0.00 0.00     0 37.58 96.30 96.30 136928     0 3.135
  1 28 28 37.58 96.30 96.30 136928 0.00 0.00 0.00     0 37.58 96.30 96.30 136928     0 3.327
  1 28 28 37.58 96.30 96.30 136928 0.00 0.00 0.00     0 37.58 96.30 96.30 136928     0 3.558
  1 28 28 37.58 96.30 96.30 136928 0.00 0.00 0.00     0 37.58 96.30 96.30 136928     0 3.781
  1 28 28 35.88 78.23 78.23  6720 0.00 0.00 0.00     0 35.88 78.23 78.23  6720     0 0.090
  1 28 28 35.88 78.23 78.23  6720 0.00 0.00 0.00     0 35.88 78.23 78.23  6720     0 0.083
  1 28 28 35.88 78.23 78.23  6720 0.00 0.00 0.00     0 35.88 78.23 78.23  6720     0 0.086
  1 28 28 35.88 78.23 78.23  6720 0.00 0.00 0.00     0 35.88 78.23 78.23  6720     0 0.090
  1 28 28 35.88 78.23 78.23  6720 0.00 0.00 0.00     0 35.88 78.23 78.23  6720     0 0.126
  1 28 28 35.88 78.23 78.23  6720 0.00 0.00 0.00     0 35.88 78.23 78.23  6720     0 0.095
  1 28 28 35.88 78.23 78.23  6720 0.00 0.00 0.00     0 35.88 78.23 78.23  6720     0 0.094
  1 28 28 35.88 78.23 78.23  6720 0.00 0.00 0.00     0 35.88 78.23 78.23  6720     0 0.113
  1 28 28 35.88 78.23 78.23  6720 0.00 0.00 0.00     0 35.88 78.23 78.23  6720     0 0.084
  1 28 28 36.73 84.25 84.25 19776 0.00 0.00 0.00     0 36.73 84.25 84.25 19776     0 0.270
  1 28 28 36.73 84.25 84.25 19776 0.00 0.00 0.00     0 36.73 84.25 84.25 19776     0 0.304
  1 28 28 36.73 84.25 84.25 19776 0.00 0.00 0.00     0 36.73 84.25 84.25 19776     0 0.273
  1 28 28 36.73 84.25 84.25 19776 0.00 0.00 0.00     0 36.73 84.25 84.25 19776     0 0.350
  1 28 28 36.73 84.25 84.25 19776 0.00 0.00 0.00     0 36.73 84.25 84.25 19776     0 0.275
  1 28 28 36.73 84.25 84.25 19776 0.00 0.00 0.00     0 36.73 84.25 84.25 19776     0 0.334
  1 28 28 36.73 84.25 84.25 19776 0.00 0.00 0.00     0 36.73 84.25 84.25 19776     0 0.324
  1 28 28 36.73 84.25 84.25 19776 0.00 0.00 0.00     0 36.73 84.25 84.25 19776     0 0.287
  1 28 28 36.73 84.25 84.25 19776 0.00 0.00 0.00     0 36.73 84.25 84.25 19776     0 0.334
  1 28 28 37.36 87.78 87.78 35872 0.00 0.00 0.00     0 37.36 87.78 87.78 35872     0 0.585
  1 28 28 37.36 87.78 87.78 35872 0.00 0.00 0.00     0 37.36 87.78 87.78 35872     0 0.599
  1 28 28 37.36 87.78 87.78 35872 0.00 0.00 0.00     0 37.36 87.78 87.78 35872     0 0.600
  1 28 28 37.36 87.78 87.78 35872 0.00 0.00 0.00     0 37.36 87.78 87.78 35872     0 0.759
  1 28 28 37.36 87.78 87.78 35872 0.00 0.00 0.00     0 37.36 87.78 87.78 35872     0 0.691
  1 28 28 37.36 87.78 87.78 35872 0.00 0.00 0.00     0 37.36 87.78 87.78 35872     0 0.677
  1 28 28 37.36 87.78 87.78 35872 0.00 0.00 0.00     0 37.36 87.78 87.78 35872     0 0.865
  1 28 28 37.36 87.78 87.78 35872 0.00 0.00 0.00     0 37.36 87.78 87.78 35872     0 0.728
  1 28 28 37.36 87.78 87.78 35872 0.00 0.00 0.00     0 37.36 87.78 87.78 35872     0 0.717
  1 28 28 37.54 90.28 90.28 55616 0.00 0.00 0.00     0 37.54 90.28 90.28 55616     0 1.114
  1 28 28 37.54 90.28 90.28 55616 0.00 0.00 0.00     0 37.54 90.28 90.28 55616     0 1.174
  1 28 28 37.54 90.28 90.28 55616 0.00 0.00 0.00     0 37.54 90.28 90.28 55616     0 1.176
  1 28 28 37.54 90.28 90.28 55616 0.00 0.00 0.00     0 37.54 90.28 90.28 55616     0 1.116
  1 28 28 37.54 90.28 90.28 55616 0.00 0.00 0.00     0 37.54 90.28 90.28 55616     0 1.092
  1 28 28 37.54 90.28 90.28 55616 0.00 0.00 0.00     0 37.54 90.28 90.28 55616     0 1.210
  1 28 28 37.54 90.28 90.28 55616 0.00 0.00 0.00     0 37.54 90.28 90.28 55616     0 1.266
  1 28 28 37.54 90.28 90.28 55616 0.00 0.00 0.00     0 37.54 90.28 90.28 55616     0 1.103
  1 28 28 37.54 90.28 90.28 55616 0.00 0.00 0.00     0 37.54 90.28 90.28 55616     0 1.212
  1 28 28 37.70 92.21 92.21 73544 0.00 0.00 0.00     0 37.70 92.21 92.21 73544     0 1.883
  1 28 28 37.70 92.21 92.21 73544 0.00 0.00 0.00     0 37.70 92.21 92.21 73544     0 1.773
  1 28 28 37.70 92.21 92.21 73544 0.00 0.00 0.00     0 37.70 92.21 92.21 73544     0 2.036
  1 28 28 37.70 92.21 92.21 73544 0.00 0.00 0.00     0 37.70 92.21 92.21 73544     0 1.849
  1 28 28 37.70 92.21 92.21 73544 0.00 0.00 0.00     0 37.70 92.21 92.21 73544     0 1.649
  1 28 28 37.70 92.21 92.21 73544 0.00 0.00 0.00     0 37.70 92.21 92.21 73544     0 1.745
  1 28 28 37.70 92.21 92.21 73544 0.00 0.00 0.00     0 37.70 92.21 92.21 73544     0 1.670
  1 28 28 37.70 92.21 92.21 73544 0.00 0.00 0.00     0 37.70 92.21 92.21 73544     0 1.677
  1 28 28 37.70 92.21 92.21 73544 0.00 0.00 0.00     0 37.70 92.21 92.21 73544     0 1.763
  1 28 28 37.70 93.80 93.80 93880 0.00 0.00 0.00     0 37.70 93.80 93.80 93880     0 2.362
  1 28 28 37.70 93.80 93.80 93880 0.00 0.00 0.00     0 37.70 93.80 93.80 93880     0 2.432
  1 28 28 37.70 93.80 93.80 93880 0.00 0.00 0.00     0 37.70 93.80 93.80 93880     0 2.533
  1 28 28 37.70 93.80 93.80 93880 0.00 0.00 0.00     0 37.70 93.80 93.80 93880     0 2.335
  1 28 28 37.70 93.80 93.80 93880 0.00 0.00 0.00     0 37.70 93.80 93.80 93880     0 2.323
  1 28 28 37.70 93.80 93.80 93880 0.00 0.00 0.00     0 37.70 93.80 93.80 93880     0 2.351
  1 28 28 37.70 93.80 93.80 93880 0.00 0.00 0.00     0 37.70 93.80 93.80 93880     0 2.298
  1 28 28 37.70 93.80 93.80 93880 0.00 0.00 0.00     0 37.70 93.80 93.80 93880     0 2.324
  1 28 28 37.70 93.80 93.80 93880 0.00 0.00 0.00     0 37.70 93.80 93.80 93880     0 2.272
  1 28 28 37.66 95.14 95.14 114336 0.00 0.00 0.00     0 37.66 95.14 95.14 114336     0 3.068
  1 28 28 37.66 95.14 95.14 114336 0.00 0.00 0.00     0 37.66 95.14 95.14 114336     0 3.211
  1 28 28 37.66 95.14 95.14 114336 0.00 0.00 0.00     0 37.66 95.14 95.14 114336     0 2.606
  1 28 28 37.66 95.14 95.14 114336 0.00 0.00 0.00     0 37.66 95.14 95.14 114336     0 2.575
  1 28 28 37.66 95.14 95.14 114336 0.00 0.00 0.00     0 37.66 95.14 95.14 114336     0 2.576
  1 28 28 37.66 95.14 95.14 114336 0.00 0.00 0.00     0 37.66 95.14 95.14 114336     0 2.612
  1 28 28 37.66 95.14 95.14 114336 0.00 0.00 0.00     0 37.66 95.14 95.14 114336     0 2.600
  1 28 28 37.66 95.14 95.14 114336 0.00 0.00 0.00     0 37.66 95.14 95.14 114336     0 2.572
  1 28 28 37.66 95.14 95.14 114336 0.00 0.00 0.00     0 37.66 95.14 95.14 114336     0 2.637
  1 28 28 37.58 96.30 96.30 136928 0.00 0.00 0.00     0 37.58 96.30 96.30 136928     0 3.264
  1 28 28 37.58 96.30 96.30 136928 0.00 0.00 0.00     0 37.58 96.30 96.30 136928     0 3.358
  1 28 28 37.58 96.30 96.30 136928 0.00 0.00 0.00     0 37.58 96.30 96.30 136928     0 3.350
  1 28 28 37.58 96.30 96.30 136928 0.00 0.00 0.00     0 37.58 96.30 96.30 136928     0 3.558
  1 28 28 37.58 96.30 96.30 136928 0.00 0.00 0.00     0 37.58 96.30 96.30 136928     0 3.992
  1 28 28 37.58 96.30 96.30 136928 0.00 0.00 0.00     0 37.58 96.30 96.30 136928     0 3.896
  1 28 28 37.58 96.30 96.30 136928 0.00 0.00 0.00     0 37.58 96.30 96.30 136928     0 3.301
  1 28 28 37.58 96.30 96.30 136928 0.00 0.00 0.00     0 37.58 96.30 96.30 136928     0 3.370
  1 28 28 37.58 96.30 96.30 136928 0.00 0.00 0.00     0 37.58 96.30 96.30 136928     0 3.304
  1 28 28 35.88 78.23 78.23  6720 0.00 0.00 0.00     0 35.88 78.23 78.23  6720     0 0.102
  1 28 28 35.88 78.23 78.23  6720 0.00 0.00 0.00     0 35.88 78.23 78.23  6720     0 0.099
  1 28 28 35.88 78.23 78.23  6720 0.00 0.00 0.00     0 35.88 78.23 78.23  6720     0 0.077
  1 28 28 35.88 78.23 78.23  6720 0.00 0.00 0.00     0 35.88 78.23 78.23  6720     0 0.093
  1 28 28 35.88 78.23 78.23  6720 0.00 0.00 0.00     0 35.88 78.23 78.23  6720     0 0.084
  1 28 28 35.88 78.23 78.23  6720 0.00 0.00 0.00     0 35.88 78.23 78.23  6720     0 0.100
  1 28 28 35.88 78.23 78.23  6720 0.00 0.00 0.00     0 35.88 78.23 78.23  6720     0 0.083
  1 28 28 35.88 78.23 78.23  6720 0.00 0.00 0.00     0 35.88 78.23 78.23  6720     0 0.082
  1 28 28 36.73 84.25 84.25 19776 0.00 0.00 0.00     0 36.73 84.25 84.25 19776     0 0.301
  1 28 28 36.73 84.25 84.25 19776 0.00 0.00 0.00     0 36.73 84.25 84.25 19776     0 0.262
  1 28 28 36.73 84.25 84.25 19776 0.00 0.00 0.00     0 36.73 84.25 84.25 19776     0 0.265
  1 28 28 36.73 84.25 84.25 19776 0.00 0.00 0.00     0 36.73 84.25 84.25 19776     0 0.291
  1 28 28 36.73 84.25 84.25 19776 0.00 0.00 0.00     0 36.73 84.25 84.25 19776     0 0.275
  1 28 28 36.73 84.25 84.25 19776 0.00 0.00 0.00     0 36.73 84.25 84.25 19776     0 0.272
  1 28 28 36.73 84.25 84.25 19776 0.00 0.00 0.00     0 36.73 84.25 84.25 19776     0 0.298
  1 28 28 36.73 84.25 84.25 19776 0.00 0.00 0.00     0 36.73 84.25 84.25 19776     0 0.274
  1 28 28 36.73 84.25 84.25 19776 0.00 0.00 0.00     0 36.73 84.25 84.25 19776     0 0.272
  1 28 28 37.36 87.78 87.78 35872 0.00 0.00 0.00     0 37.36 87.78 87.78 35872     0 0.535
  1 28 28 37.36 87.78 87.78 35872 0.00 0.00 0.00     0 37.36 87.78 87.78 35872     0 0.542
  1 28 28 37.36 87.78 87.78 35872 0.00 0.00 0.00     0 37.36 87.78 87.78 35872     0 0.537
  1 28 28 37.36 87.78 87.78 35872 0.00 0.00 0.00     0 37.36 87.78 87.78 35872     0 0.536
  1 28 28 37.36 87.78 87.78 35872 0.00 0.00 0.00     0 37.36 87.78 87.78 35872     0 0.611
  1 28 28 37.36 87.78 87.78 35872 0.00 0.00 0.00     0 37.36 87.78 87.78 35872     0 0.630
  1 28 28 37.36 87.78 87.78 35872 0.00 0.00 0.00     0 37.36 87.78 87.78 35872     0 0.553
  1 28 28 37.36 87.78 87.78 35872 0.00 0.00 0.00     0 37.36 87.78 87.78 35872     0 0.559
  1 28 28 37.36 87.78 87.78 35872 0.00 0.00 0.00     0 37.36 87.78 87.78 35872     0 0.565
  1 28 28 37.54 90.28 90.28 55616 0.00 0.00 0.00     0 37.54 90.28 90.28 55616     0 0.926
  1 28 28 37.54 90.28 90.28 55616 0.00 0.00 0.00     0 37.54 90.28 90.28 55616     0 0.949
  1 28 28 37.54 90.28 90.28 55616 0.00 0.00 0.00     0 37.54 90.28 90.28 55616     0 0.905
  1 28 28 37.54 90.28 90.28 55616 0.00 0.00 0.00     0 37.54 90.28 90.28 55616     0 0.994
  1 28 28 37.54 90.28 90.28 55616 0.00 0.00 0.00     0 37.54 90.28 90.28 55616     0 0.913
  1 28 28 37.54 90.28 90.28 55616 0.00 0.00 0.00     0 37.54 90.28 90.28 55616     0 0.948
  1 28 28 37.54 90.28 90.28 55616 0.00 0.00 0.00     0 37.54 90.28 90.28 55616     0 0.905
  1 28 28 37.54 90.28 90.28 55616 0.00 0.00 0.00     0 37.54 90.28 90.28 55616     0 0.966
  1 28 28 37.54 90.28 90.28 55616 0.00 0.00 0.00     0 37.54 90.28 90.28 55616     0 1.103
  1 28 28 37.70 92.21 92.21 73544 0.00 0.00 0.00     0 37.70 92.21 92.21 73544     0 1.445
  1 28 28 37.70 92.21 92.21 73544 0.00 0.00 0.00     0 37.70 92.21 92.21 73544     0 1.450
  1 28 28 37.70 92.21 92.21 73544 0.00 0.00 0.00     0 37.70 92.21 92.21 73544     0 1.443
  1 28 28 37.70 92.21 92.21 73544 0.00 0.00 0.00     0 37.70 92.21 92.21 73544     0 1.393
  1 28 28 37.70 92.21 92.21 73544 0.00 0.00 0.00     0 37.70 92.21 92.21 73544     0 1.394
  1 28 28 37.70 92.21 92.21 73544 0.00 0.00 0.00     0 37.70 92.21 92.21 73544     0 1.354
  1 28 28 37.70 92.21 92.21 73544 0.00 0.00 0.00     0 37.70 92.21 92.21 73544     0 1.392
  1 28 28 37.70 92.21 92.21 73544 0.00 0.00 0.00     0 37.70 92.21 92.21 73544     0 1.361
  1 28 28 37.70 92.21 92.21 73544 0.00 0.00 0.00     0 37.70 92.21 92.21 73544     0 1.408
  1 28 28 37.70 93.80 93.80 93880 0.00 0.00 0.00     0 37.70 93.80 93.80 93880     0 1.981
  1 28 28 37.70 93.80 93.80 93880 0.00 0.00 0.00     0 37.70 93.80 93.80 93880     0 2.002
  1 28 28 37.70 93.80 93.80 93880 0.00 0.00 0.00     0 37.70 93.80 93.80 93880     0 1.980
  1 28 28 37.70 93.80 93.80 93880 0.00 0.00 0.00     0 37.70 93.80 93.80 93880     0 2.244
  1 28 28 37.70 93.80 93.80 93880 0.00 0.00 0.00     0 37.70 93.80 93.80 93880     0 2.057
  1 28 28 37.70 93.80 93.80 93880 0.00 0.00 0.00     0 37.70 93.80 93.80 93880     0 1.954
  1 28 28 37.70 93.80 93.80 93880 0.00 0.00 0.00     0 37.70 93.80 93.80 93880     0 1.937
  1 28 28 37.70 93.80 93.80 93880 0.00 0.00 0.00     0 37.70 93.80 93.80 93880     0 1.972
  1 28 28 37.70 93.80 93.80 93880 0.00 0.00 0.00     0 37.70 93.80 93.80 93880     0 1.936
  1 28 28 37.66 95.14 95.14 114336 0.00 0.00 0.00     0 37.66 95.14 95.14 114336     0 2.575
  1 28 28 37.66 95.14 95.14 114336 0.00 0.00 0.00     0 37.66 95.14 95.14 114336     0 2.688
  1 28 28 37.66 95.14 95.14 114336 0.00 0.00 0.00     0 37.66 95.14 95.14 114336     0 2.903
  1 28 28 37.66 95.14 95.14 114336 0.00 0.00 0.00     0 37.66 95.14 95.14 114336     0 2.981
  1 28 28 37.66 95.14 95.14 114336 0.00 0.00 0.00     0 37.66 95.14 95.14 114336     0 3.353
  1 28 28 37.66 95.14 95.14 114336 0.00 0.00 0.00     0 37.66 95.14 95.14 114336     0 3.127
  1 28 28 37.66 95.14 95.14 114336 0.00 0.00 0.00     0 37.66 95.14 95.14 114336     0 2.689
  1 28 28 37.66 95.14 95.14 114336 0.00 0.00 0.00     0 37.66 95.14 95.14 114336     0 2.670
  1 28 28 37.66 95.14 95.14 114336 0.00 0.00 0.00     0 37.66 95.14 95.14 114336     0 3.405
  1 28 28 37.58 96.30 96.30 136928 0.00 0.00 0.00     0 37.58 96.30 96.30 136928     0 2.943
  1 28 28 37.58 96.30 96.30 136928 0.00 0.00 0.00     0 37.58 96.30 96.30 136928     0 2.853
  1 28 28 37.58 96.30 96.30 136928 0.00 0.00 0.00     0 37.58 96.30 96.30 136928     0 2.868
  1 28 28 37.58 96.30 96.30 136928 0.00 0.00 0.00     0 37.58 96.30 96.30 136928     0 2.870
  1 28 28 37.58 96.30 96.30 136928 0.00 0.00 0.00     0 37.58 96.30 96.30 136928     0 2.855
  1 28 28 37.58 96.30 96.30 136928 0.00 0.00 0.00     0 37.58 96.30 96.30 136928     0 2.854
  1 28 28 37.58 96.30 96.30 136928 0.00 0.00 0.00     0 37.58 96.30 96.30 136928     0 2.857
  1 28 28 37.58 96.30 96.30 136928 0.00 0.00 0.00     0 37.58 96.30 96.30 136928     0 2.860
  1  1 28 88.00 96.30 96.30 1523800 0.00 0.00 0.00     0 88.00 96.30 96.30 1523800     0 7.149
  1  1 28 88.00 96.30 96.30 1523800 0.00 0.00 0.00     0 88.00 96.30 96.30 1523800     0 7.285
  1  1 28 88.00 96.30 96.30 1523800 0.00 0.00 0.00     0 88.00 96.30 96.30 1523800     0 7.137
  1  1 28 88.00 96.30 96.30 1523800 0.00 0.00 0.00     0 88.00 96.30 96.30 1523800     0 7.140
  1  1 28 88.00 96.30 96.30 1523800 0.00 0.00 0.00     0 88.00 96.30 96.30 1523800     0 7.139
  1 28 28 37.58 96.30 96.30 136928 0.00 0.00 0.00     0 37.58 96.30 96.30 136928     0 2.897
  1 28 28 37.58 96.30 96.30 136928 0.00 0.00 0.00     0 37.58 96.30 96.30 136928     0 4.047
  1 28 28 37.58 96.30 96.30 136928 0.00 0.00 0.00     0 37.58 96.30 96.30 136928     0 4.510
  1 28 28 37.58 96.30 96.30 136928 0.00 0.00 0.00     0 37.58 96.30 96.30 136928     0 4.504
  1 28 28 37.58 96.30 96.30 136928 0.00 0.00 0.00     0 37.58 96.30 96.30 136928     0 4.504
  1 28 28 37.58 96.30 96.30 136928 0.00 0.00 0.00     0 37.58 96.30 96.30 136928     0 4.503
  1 28 28 37.58 96.30 96.30 136928 0.00 0.00 0.00     0 37.58 96.30 96.30 136928     0 4.488
  1 28 28 37.58 96.30 96.30 136928 0.00 0.00 0.00     0 37.58 96.30 96.30 136928     0 4.494
  1 28 28 37.58 96.30 96.30 136928 0.00 0.00 0.00     0 37.58 96.30 96.30 136928     0 4.513
  1 28 28 37.58 96.30 96.30 136928 0.00 0.00 0.00     0 37.58 96.30 96.30 136928     0 4.176
  1 28 28 37.58 96.30 96.30 136928 0.00 0.00 0.00     0 37.58 96.30 96.30 136928     0 3.924
  1 28 28 37.58 96.30 96.30 136928 0.00 0.00 0.00     0 37.58 96.30 96.30 136928     0 3.901
  1 28 28 37.58 96.30 96.30 136928 0.00 0.00 0.00     0 37.58 96.30 96.30 136928     0 3.715
  1 28 28 37.58 96.30 96.30 136928 0.00 0.00 0.00     0 37.58 96.30 96.30 136928     0 3.888
  1 28 28 37.58 96.30 96.30 136928 0.00 0.00 0.00     0 37.58 96.30 96.30 136928     0 3.768
  1 28 28 37.58 96.30 96.30 136928 0.00 0.00 0.00     0 37.58 96.30 96.30 136928     0 3.887
  1 28 28 37.58 96.30 96.30 136928 0.00 0.00 0.00     0 37.58 96.30 96.30 136928     0 3.859
  1 28 28 37.58 96.30 96.30 136928 0.00 0.00 0.00     0 37.58 96.30 96.30 136928     0 3.740
  1 28 28 37.58 96.30 96.30 136928 0.00 0.00 0.00     0 37.58 96.30 96.30 136928     0 3.366
  1 28 28 37.58 96.30 96.30 136928 0.00 0.00 0.00     0 37.58 96.30 96.30 136928     0 3.179
  1 28 28 37.58 96.30 96.30 136928 0.00 0.00 0.00     0 37.58 96.30 96.30 136928     0 3.337
  1 28 28 37.58 96.30 96.30 136928 0.00 0.00 0.00     0 37.58 96.30 96.30 136928     0 3.137
  1 28 28 37.58 96.30 96.30 136928 0.00 0.00 0.00     0 37.58 96.30 96.30 136928     0 3.041
  1 28 28 37.58 96.30 96.30 136928 0.00 0.00 0.00     0 37.58 96.30 96.30 136928     0 3.160
  1 28 28 37.58 96.30 96.30 136928 0.00 0.00 0.00     0 37.58 96.30 96.30 136928     0 3.261
  1 28 28 37.58 96.30 96.30 136928 0.00 0.00 0.00     0 37.58 96.30 96.30 136928     0 3.123
  1 28 28 37.58 96.30 96.30 136928 0.00 0.00 0.00     0 37.58 96.30 96.30 136928     0 3.056
  1 28 28 37.58 96.30 96.30 136928 0.00 0.00 0.00     0 37.58 96.30 96.30 136928     0 3.168
  1 28 28 37.58 96.30 96.30 136928 0.00 0.00 0.00     0 37.58 96.30 96.30 136928     0 3.088
  1 28 28 37.58 96.30 96.30 136928 0.00 0.00 0.00     0 37.58 96.30 96.30 136928     0 3.057
  1 28 28 37.58 96.30 96.30 136928 0.00 0.00 0.00     0 37.58 96.30 96.30 136928     0 3.172
  1 28 28 37.58 96.30 96.30 136928 0.00 0.00 0.00     0 37.58 96.30 96.30 136928     0 3.151
  1 28 28 37.58 96.30 96.30 136928 0.00 0.00 0.00     0 37.58 96.30 96.30 136928     0 3.076
  1 28 28 37.58 96.30 96.30 136928 0.00 0.00 0.00     0 37.58 96.30 96.30 136928     0 3.107
  1 28 28 37.58 96.30 96.30 136928 0.00 0.00 0.00     0 37.58 96.30 96.30 136928     0 3.111
  1 28 28 37.58 96.30 96.30 136928 0.00 0.00 0.00     0 37.58 96.30 96.30 136928     0 3.109
  1 28 28 35.88 78.23 78.23  6720 0.00 0.00 0.00     0 35.88 78.23 78.23  6720     0 0.069
  1 28 28 35.88 78.23 78.23  6720 0.00 0.00 0.00     0 35.88 78.23 78.23  6720     0 0.101
  1 28 28 35.88 78.23 78.23  6720 0.00 0.00 0.00     0 35.88 78.23 78.23  6720     0 0.078
  1 28 28 35.88 78.23 78.23  6720 0.00 0.00 0.00     0 35.88 78.23 78.23  6720     0 0.075
  1 28 28 35.88 78.23 78.23  6720 0.00 0.00 0.00     0 35.88 78.23 78.23  6720     0 0.078
  1 28 28 35.88 78.23 78.23  6720 0.00 0.00 0.00     0 35.88 78.23 78.23  6720     0 0.092
  1 28 28 35.88 78.23 78.23  6720 0.00 0.00 0.00     0 35.88 78.23 78.23  6720     0 0.089
  1 28 28 35.88 78.23 78.23  6720 0.00 0.00 0.00     0 35.88 78.23 78.23  6720     0 0.077
  1 28 28 35.88 78.23 78.23  6720 0.00 0.00 0.00     0 35.88 78.23 78.23  6720     0 0.075
  1 28 28 36.73 84.25 84.25 19776 0.00 0.00 0.00     0 36.73 84.25 84.25 19776     0 0.317
  1 28 28 36.73 84.25 84.25 19776 0.00 0.00 0.00     0 36.73 84.25 84.25 19776     0 0.245
  1 28 28 36.73 84.25 84.25 19776 0.00 0.00 0.00     0 36.73 84.25 84.25 19776     0 0.252
  1 28 28 36.73 84.25 84.25 19776 0.00 0.00 0.00     0 36.73 84.25 84.25 19776     0 0.238
  1 28 28 36.73 84.25 84.25 19776 0.00 0.00 0.00     0 36.73 84.25 84.25 19776     0 0.297
  1 28 28 36.73 84.25 84.25 19776 0.00 0.00 0.00     0 36.73 84.25 84.25 19776     0 0.250
  1 28 28 36.73 84.25 84.25 19776 0.00 0.00 0.00     0 36.73 84.25 84.25 19776     0 0.238
  1 28 28 36.73 84.25 84.25 19776 0.00 0.00 0.00     0 36.73 84.25 84.25 19776     0 0.278
  1 28 28 36.73 84.25 84.25 19776 0.00 0.00 0.00     0 36.73 84.25 84.25 19776     0 0.246
  1 28 28 37.36 87.78 87.78 35872 0.00 0.00 0.00     0 37.36 87.78 87.78 35872     0 0.497
  1 28 28 37.36 87.78 87.78 35872 0.00 0.00 0.00     0 37.36 87.78 87.78 35872     0 0.505
  1 28 28 37.36 87.78 87.78 35872 0.00 0.00 0.00     0 37.36 87.78 87.78 35872     0 0.571
  1 28 28 37.36 87.78 87.78 35872 0.00 0.00 0.00     0 37.36 87.78 87.78 35872     0 0.564
  1 28 28 37.36 87.78 87.78 35872 0.00 0.00 0.00     0 37.36 87.78 87.78 35872     0 0.517
  1 28 28 37.36 87.78 87.78 35872 0.00 0.00 0.00     0 37.36 87.78 87.78 35872     0 0.513
  1 28 28 37.36 87.78 87.78 35872 0.00 0.00 0.00     0 37.36 87.78 87.78 35872     0 0.541
  1 28 28 37.36 87.78 87.78 35872 0.00 0.00 0.00     0 37.36 87.78 87.78 35872     0 0.505
  1 28 28 37.36 87.78 87.78 35872 0.00 0.00 0.00     0 37.36 87.78 87.78 35872     0 0.531
  1 28 28 37.54 90.28 90.28 55616 0.00 0.00 0.00     0 37.54 90.28 90.28 55616     0 0.840
  1 28 28 37.54 90.28 90.28 55616 0.00 0.00 0.00     0 37.54 90.28 90.28 55616     0 0.922
  1 28 28 37.54 90.28 90.28 55616 0.00 0.00 0.00     0 37.54 90.28 90.28 55616     0 0.859
  1 28 28 37.54 90.28 90.28 55616 0.00 0.00 0.00     0 37.54 90.28 90.28 55616     0 0.898
  1 28 28 37.54 90.28 90.28 55616 0.00 0.00 0.00     0 37.54 90.28 90.28 55616     0 0.931
  1 28 28 37.54 90.28 90.28 55616 0.00 0.00 0.00     0 37.54 90.28 90.28 55616     0 0.874
  1 28 28 37.54 90.28 90.28 55616 0.00 0.00 0.00     0 37.54 90.28 90.28 55616     0 0.865
  1 28 28 37.54 90.28 90.28 55616 0.00 0.00 0.00     0 37.54 90.28 90.28 55616     0 0.915
  1 28 28 37.54 90.28 90.28 55616 0.00 0.00 0.00     0 37.54 90.28 90.28 55616     0 0.859
  1 28 28 37.70 92.21 92.21 73544 0.00 0.00 0.00     0 37.70 92.21 92.21 73544     0 1.305
  1 28 28 37.70 92.21 92.21 73544 0.00 0.00 0.00     0 37.70 92.21 92.21 73544     0 1.292
  1 28 28 37.70 92.21 92.21 73544 0.00 0.00 0.00     0 37.70 92.21 92.21 73544     0 1.316
  1 28 28 37.70 92.21 92.21 73544 0.00 0.00 0.00     0 37.70 92.21 92.21 73544     0 1.498
  1 28 28 37.70 92.21 92.21 73544 0.00 0.00 0.00     0 37.70 92.21 92.21 73544     0 1.291
  1 28 28 37.70 92.21 92.21 73544 0.00 0.00 0.00     0 37.70 92.21 92.21 73544     0 1.267
  1 28 28 37.70 92.21 92.21 73544 0.00 0.00 0.00     0 37.70 92.21 92.21 73544     0 1.384
  1 28 28 37.70 92.21 92.21 73544 0.00 0.00 0.00     0 37.70 92.21 92.21 73544     0 1.289
  1 28 28 37.70 92.21 92.21 73544 0.00 0.00 0.00     0 37.70 92.21 92.21 73544     0 1.280
  1 28 28 37.70 93.80 93.80 93880 0.00 0.00 0.00     0 37.70 93.80 93.80 93880     0 1.816
  1 28 28 37.70 93.80 93.80 93880 0.00 0.00 0.00     0 37.70 93.80 93.80 93880     0 1.941
  1 28 28 37.70 93.80 93.80 93880 0.00 0.00 0.00     0 37.70 93.80 93.80 93880     0 1.825
  1 28 28 37.70 93.80 93.80 93880 0.00 0.00 0.00     0 37.70 93.80 93.80 93880     0 1.866
  1 28 28 37.70 93.80 93.80 93880 0.00 0.00 0.00     0 37.70 93.80 93.80 93880     0 1.809
  1 28 28 37.70 93.80 93.80 93880 0.00 0.00 0.00     0 37.70 93.80 93.80 93880     0 1.864
  1 28 28 37.70 93.80 93.80 93880 0.00 0.00 0.00     0 37.70 93.80 93.80 93880     0 1.966
  1 28 28 37.70 93.80 93.80 93880 0.00 0.00 0.00     0 37.70 93.80 93.80 93880     0 2.357
  1 28 28 37.70 93.80 93.80 93880 0.00 0.00 0.00     0 37.70 93.80 93.80 93880     0 2.194
  1 28 28 37.66 95.14 95.14 114336 0.00 0.00 0.00     0 37.66 95.14 95.14 114336     0 2.991
  1 28 28 37.66 95.14 95.14 114336 0.00 0.00 0.00     0 37.66 95.14 95.14 114336     0 2.413
  1 28 28 37.66 95.14 95.14 114336 0.00 0.00 0.00     0 37.66 95.14 95.14 114336     0 2.550
  1 28 28 37.66 95.14 95.14 114336 0.00 0.00 0.00     0 37.66 95.14 95.14 114336     0 2.829
  1 28 28 37.66 95.14 95.14 114336 0.00 0.00 0.00     0 37.66 95.14 95.14 114336     0 2.722
  1 28 28 37.66 95.14 95.14 114336 0.00 0.00 0.00     0 37.66 95.14 95.14 114336     0 2.426
  1 28 28 37.66 95.14 95.14 114336 0.00 0.00 0.00     0 37.66 95.14 95.14 114336     0 2.380
  1 28 28 37.66 95.14 95.14 114336 0.00 0.00 0.00     0 37.66 95.14 95.14 114336     0 2.510
  1 28 28 37.66 95.14 95.14 114336 0.00 0.00 0.00     0 37.66 95.14 95.14 114336     0 2.399
  1  1 28 88.00 96.30 96.30 1523800 0.00 0.00 0.00     0 88.00 96.30 96.30 1523800     0 7.740
  1  7 28 57.14 96.30 96.30 1100072 0.00 0.00 0.00     0 57.14 96.30 96.30 1100072     0 6.531
  1 14 28 49.11 96.30 96.30 700816 0.00 0.00 0.00     0 49.11 96.30 96.30 700816     0 5.313
  1 20 28 42.77 96.30 96.30 388584 0.00 0.00 0.00     0 42.77 96.30 96.30 388584     0 4.200
  1 26 28 38.61 96.30 96.30 175304 0.00 0.00 0.00     0 38.61 96.30 96.30 175304     0 3.277
  1 32 28 35.53 71.95 71.95 84152 0.00 0.00 0.00     0 35.53 71.95 71.95 84152     0 2.791
  1 39 28 32.15 42.11 42.11 37560 0.00 0.00 0.00     0 32.15 42.11 42.11 37560     0 2.393
  1 45 28 29.08 96.30 96.30 17560 0.00 0.00 0.00     0 29.08 96.30 96.30 17560     0 2.207
  1 51 28 26.03 42.11 42.11  8304 0.00 0.00 0.00     0 26.03 42.11 42.11  8304     0 2.331
  1  1 28 73.46 78.23 78.23 38536 0.00 0.00 0.00     0 73.46 78.23 78.23 38536     0 0.145
  1  7 28 55.32 78.23 78.23 27544 0.00 0.00 0.00     0 55.32 78.23 78.23 27544     0 0.127
  1 14 28 48.59 78.23 78.23 16344 0.00 0.00 0.00     0 48.59 78.23 78.23 16344     0 0.110
  1 20 28 43.18 78.23 78.23 11680 0.00 0.00 0.00     0 43.18 78.23 78.23 11680     0 0.110
  1 26 28 37.65 78.23 78.23  7808 0.00 0.00 0.00     0 37.65 78.23 78.23  7808     0 0.087
  1 32 28 32.40 53.89 53.89  4784 0.00 0.00 0.00     0 32.40 53.89 53.89  4784     0 0.065
  1 39 28 27.36 42.11 42.11  2344 0.00 0.00 0.00     0 27.36 42.11 42.11  2344     0 0.056
  1 45 28 23.73 78.23 78.23  1104 0.00 0.00 0.00     0 23.73 78.23 78.23  1104     0 0.048
  1 51 28 20.47 42.11 42.11   528 0.00 0.00 0.00     0 20.47 42.11 42.11   528     0 0.054
  1  1 28 74.96 84.25 84.25 124664 0.00 0.00 0.00     0 74.96 84.25 84.25 124664     0 0.558
  1  7 28 55.92 84.25 84.25 90216 0.00 0.00 0.00     0 55.92 84.25 84.25 90216     0 0.451
  1 14 28 48.70 84.25 84.25 52928 0.00 0.00 0.00     0 48.70 84.25 84.25 52928     0 0.359
  1 20 28 43.48 84.25 84.25 36240 0.00 0.00 0.00     0 43.48 84.25 84.25 36240     0 0.302
  1 26 28 38.36 84.25 84.25 23440 0.00 0.00 0.00     0 38.36 84.25 84.25 23440     0 0.273
  1 32 28 33.55 59.91 59.91 13696 0.00 0.00 0.00     0 33.55 59.91 59.91 13696     0 0.220
  1 39 28 28.55 42.11 42.11  6240 0.00 0.00 0.00     0 28.55 42.11 42.11  6240     0 0.184
  1 45 28 25.15 84.25 84.25  2832 0.00 0.00 0.00     0 25.15 84.25 84.25  2832     0 0.158
  1 51 28 21.97 42.11 42.11  1288 0.00 0.00 0.00     0 21.97 42.11 42.11  1288     0 0.147
  1  1 28 79.33 87.78 87.78 250056 0.00 0.00 0.00     0 79.33 87.78 87.78 250056     0 1.159
  1  7 28 56.37 87.78 87.78 180896 0.00 0.00 0.00     0 56.37 87.78 87.78 180896     0 1.010
  1 14 28 48.78 87.78 87.78 105896 0.00 0.00 0.00     0 48.78 87.78 87.78 105896     0 0.842
  1 20 28 43.62 87.78 87.78 69088 0.00 0.00 0.00     0 43.62 87.78 87.78 69088     0 0.636
  1 26 28 38.91 87.78 87.78 42824 0.00 0.00 0.00     0 38.91 87.78 87.78 42824     0 0.536
  1 32 28 34.34 63.43 63.43 24536 0.00 0.00 0.00     0 34.34 63.43 63.43 24536     0 0.505
  1 39 28 29.48 42.11 42.11 10920 0.00 0.00 0.00     0 29.48 42.11 42.11 10920     0 0.414
  1 45 28 25.99 87.78 87.78  4928 0.00 0.00 0.00     0 25.99 87.78 87.78  4928     0 0.346
  1 51 28 23.25 42.11 42.11  2184 0.00 0.00 0.00     0 23.25 42.11 42.11  2184     0 0.335
  1  1 28 81.24 90.28 90.28 424784 0.00 0.00 0.00     0 81.24 90.28 90.28 424784     0 2.258
  1  7 28 56.63 90.28 90.28 308632 0.00 0.00 0.00     0 56.63 90.28 90.28 308632     0 1.802
  1 14 28 48.82 90.28 90.28 183128 0.00 0.00 0.00     0 48.82 90.28 90.28 183128     0 1.351
  1 20 28 43.41 90.28 90.28 112632 0.00 0.00 0.00     0 43.41 90.28 90.28 112632     0 1.123
  1 26 28 38.94 90.28 90.28 66304 0.00 0.00 0.00     0 38.94 90.28 90.28 66304     0 0.953
  1 32 28 34.71 65.93 65.93 37072 0.00 0.00 0.00     0 34.71 65.93 65.93 37072     0 0.789
  1 39 28 30.14 42.11 42.11 16312 0.00 0.00 0.00     0 30.14 42.11 42.11 16312     0 0.715
  1 45 28 26.73 90.28 90.28  7248 0.00 0.00 0.00     0 26.73 90.28 90.28  7248     0 0.640
  1 51 28 23.85 42.11 42.11  3112 0.00 0.00 0.00     0 23.85 42.11 42.11  3112     0 0.547
  1  1 28 82.00 92.21 92.21 628520 0.00 0.00 0.00     0 82.00 92.21 92.21 628520     0 3.198
  1  7 28 56.75 92.21 92.21 455384 0.00 0.00 0.00     0 56.75 92.21 92.21 455384     0 3.124
  1 14 28 48.86 92.21 92.21 276496 0.00 0.00 0.00     0 48.86 92.21 92.21 276496     0 2.698
  1 20 28 43.26 92.21 92.21 162736 0.00 0.00 0.00     0 43.26 92.21 92.21 162736     0 1.848
  1 26 28 38.97 92.21 92.21 89224 0.00 0.00 0.00     0 38.97 92.21 92.21 89224     0 1.444
  1 32 28 35.07 67.87 67.87 47776 0.00 0.00 0.00     0 35.07 67.87 67.87 47776     0 1.209
  1 39 28 30.89 42.11 42.11 21152 0.00 0.00 0.00     0 30.89 42.11 42.11 21152     0 1.010
  1 45 28 27.56 92.21 92.21  9640 0.00 0.00 0.00     0 27.56 92.21 92.21  9640     0 0.949
  1 51 28 24.68 42.11 42.11  4344 0.00 0.00 0.00     0 24.68 42.11 42.11  4344     0 0.825
  1  1 28 82.92 93.80 93.80 882608 0.00 0.00 0.00     0 82.92 93.80 93.80 882608     0 4.427
  1  7 28 56.93 93.80 93.80 638920 0.00 0.00 0.00     0 56.93 93.80 93.80 638920     0 3.841
  1 14 28 49.00 93.80 93.80 395424 0.00 0.00 0.00     0 49.00 93.80 93.80 395424     0 3.207
  1 20 28 43.08 93.80 93.80 225224 0.00 0.00 0.00     0 43.08 93.80 93.80 225224     0 2.440
  1 26 28 38.87 93.80 93.80 115072 0.00 0.00 0.00     0 38.87 93.80 93.80 115072     0 1.924
  1 32 28 35.27 69.45 69.45 59656 0.00 0.00 0.00     0 35.27 69.45 69.45 59656     0 1.664
  1 39 28 31.40 42.11 42.11 26568 0.00 0.00 0.00     0 31.40 42.11 42.11 26568     0 1.454
  1 45 28 28.11 93.80 93.80 12256 0.00 0.00 0.00     0 28.11 93.80 93.80 12256     0 1.296
  1 51 28 25.24 42.11 42.11  5696 0.00 0.00 0.00     0 25.24 42.11 42.11  5696     0 1.200
  1  1 28 83.52 95.14 95.14 1177928 0.00 0.00 0.00     0 83.52 95.14 95.14 1177928     0 6.394
  1  7 28 57.04 95.14 95.14 852856 0.00 0.00 0.00     0 57.04 95.14 95.14 852856     0 5.148
  1 14 28 49.01 95.14 95.14 533992 0.00 0.00 0.00     0 49.01 95.14 95.14 533992     0 4.032
  1 20 28 42.90 95.14 95.14 299104 0.00 0.00 0.00     0 42.90 95.14 95.14 299104     0 3.149
  1 26 28 38.76 95.14 95.14 143176 0.00 0.00 0.00     0 38.76 95.14 95.14 143176     0 2.585
  1 32 28 35.45 70.79 70.79 71824 0.00 0.00 0.00     0 35.45 70.79 70.79 71824     0 2.095
  1 39 28 31.84 42.11 42.11 31896 0.00 0.00 0.00     0 31.84 42.11 42.11 31896     0 1.916
  1 45 28 28.68 95.14 95.14 14824 0.00 0.00 0.00     0 28.68 95.14 95.14 14824     0 1.729
  1 51 28 25.65 42.11 42.11  6832 0.00 0.00 0.00     0 25.65 42.11 42.11  6832     0 1.677
  1  1 28 88.00 96.30 96.30 1523800 0.00 0.00 0.00     0 88.00 96.30 96.30 1523800     0 7.808
  1  7 28 57.14 96.30 96.30 1100072 0.00 0.00 0.00     0 57.14 96.30 96.30 1100072     0 6.685
  1 14 28 49.11 96.30 96.30 700816 0.00 0.00 0.00     0 49.11 96.30 96.30 700816     0 5.360
  1 20 28 42.77 96.30 96.30 388584 0.00 0.00 0.00     0 42.77 96.30 96.30 388584     0 4.249
  1 26 28 38.61 96.30 96.30 175304 0.00 0.00 0.00     0 38.61 96.30 96.30 175304     0 3.207
  1 32 28 35.53 71.95 71.95 84152 0.00 0.00 0.00     0 35.53 71.95 71.95 84152     0 2.834
  1 39 28 32.15 42.11 42.11 37560 0.00 0.00 0.00     0 32.15 42.11 42.11 37560     0 2.430
  1 45 28 29.08 96.30 96.30 17560 0.00 0.00 0.00     0 29.08 96.30 96.30 17560     0 2.309
  1 51 28 26.03 42.11 42.11  8304 0.00 0.00 0.00     0 26.03 42.11 42.11  8304     0 2.056
  1  1 28 73.46 78.23 78.23 38536 0.00 0.00 0.00     0 73.46 78.23 78.23 38536     0 0.154
  1 14 28 48.59 78.23 78.23 16344 0.00 0.00 0.00     0 48.59 78.23 78.23 16344     0 0.101
  1 20 28 43.18 78.23 78.23 11680 0.00 0.00 0.00     0 43.18 78.23 78.23 11680     0 0.116
  1 26 28 37.65 78.23 78.23  7808 0.00 0.00 0.00     0 37.65 78.23 78.23  7808     0 0.079
  1 32 28 32.40 53.89 53.89  4784 0.00 0.00 0.00     0 32.40 53.89 53.89  4784     0 0.097
  1 39 28 27.36 42.11 42.11  2344 0.00 0.00 0.00     0 27.36 42.11 42.11  2344     0 0.055
  1 45 28 23.73 78.23 78.23  1104 0.00 0.00 0.00     0 23.73 78.23 78.23  1104     0 0.050
  1 51 28 20.47 42.11 42.11   528 0.00 0.00 0.00     0 20.47 42.11 42.11   528     0 0.052
  1  1 28 74.96 84.25 84.25 124664 0.00 0.00 0.00     0 74.96 84.25 84.25 124664     0 0.736
  1  7 28 55.92 84.25 84.25 90216 0.00 0.00 0.00     0 55.92 84.25 84.25 90216     0 0.464
  1 14 28 48.70 84.25 84.25 52928 0.00 0.00 0.00     0 48.70 84.25 84.25 52928     0 0.416
  1 20 28 43.48 84.25 84.25 36240 0.00 0.00 0.00     0 43.48 84.25 84.25 36240     0 0.331
  1 26 28 38.36 84.25 84.25 23440 0.00 0.00 0.00     0 38.36 84.25 84.25 23440     0 0.323
  1 32 28 33.55 59.91 59.91 13696 0.00 0.00 0.00     0 33.55 59.91 59.91 13696     0 0.224
  1 39 28 28.55 42.11 42.11  6240 0.00 0.00 0.00     0 28.55 42.11 42.11  6240     0 0.200
  1 45 28 25.15 84.25 84.25  2832 0.00 0.00 0.00     0 25.15 84.25 84.25  2832     0 0.234
  1 51 28 21.97 42.11 42.11  1288 0.00 0.00 0.00     0 21.97 42.11 42.11  1288     0 0.162
  1  1 28 79.33 87.78 87.78 250056 0.00 0.00 0.00     0 79.33 87.78 87.78 250056     0 1.193
  1  7 28 56.37 87.78 87.78 180896 0.00 0.00 0.00     0 56.37 87.78 87.78 180896     0 1.051
  1 14 28 48.78 87.78 87.78 105896 0.00 0.00 0.00     0 48.78 87.78 87.78 105896     0 0.814
  1 20 28 43.62 87.78 87.78 69088 0.00 0.00 0.00     0 43.62 87.78 87.78 69088     0 0.734
  1 26 28 38.91 87.78 87.78 42824 0.00 0.00 0.00     0 38.91 87.78 87.78 42824     0 0.548
  1 32 28 34.34 63.43 63.43 24536 0.00 0.00 0.00     0 34.34 63.43 63.43 24536     0 0.452
  1 39 28 29.48 42.11 42.11 10920 0.00 0.00 0.00     0 29.48 42.11 42.11 10920     0 0.542
  1 45 28 25.99 87.78 87.78  4928 0.00 0.00 0.00     0 25.99 87.78 87.78  4928     0 0.458
  1 51 28 23.25 42.11 42.11  2184 0.00 0.00 0.00     0 23.25 42.11 42.11  2184     0 0.421
  1  1 28 81.24 90.28 90.28 424784 0.00 0.00 0.00     0 81.24 90.28 90.28 424784     0 2.031
  1  7 28 56.63 90.28 90.28 308632 0.00 0.00 0.00     0 56.63 90.28 90.28 308632     0 1.779
  1 14 28 48.82 90.28 90.28 183128 0.00 0.00 0.00     0 48.82 90.28 90.28 183128     0 1.399
  1 20 28 43.41 90.28 90.28 112632 0.00 0.00 0.00     0 43.41 90.28 90.28 112632     0 1.130
  1 26 28 38.94 90.28 90.28 66304 0.00 0.00 0.00     0 38.94 90.28 90.28 66304     0 0.963
  1 32 28 34.71 65.93 65.93 37072 0.00 0.00 0.00     0 34.71 65.93 65.93 37072     0 0.829
  1 39 28 30.14 42.11 42.11 16312 0.00 0.00 0.00     0 30.14 42.11 42.11 16312     0 0.660
  1 45 28 26.73 90.28 90.28  7248 0.00 0.00 0.00     0 26.73 90.28 90.28  7248     0 0.605
  1 51 28 23.85 42.11 42.11  3112 0.00 0.00 0.00     0 23.85 42.11 42.11  3112     0 0.554
  1  1 28 82.00 92.21 92.21 628520 0.00 0.00 0.00     0 82.00 92.21 92.21 628520     0 3.193
  1  7 28 56.75 92.21 92.21 455384 0.00 0.00 0.00     0 56.75 92.21 92.21 455384     0 2.642
  1 14 28 48.86 92.21 92.21 276496 0.00 0.00 0.00     0 48.86 92.21 92.21 276496     0 2.191
  1 20 28 43.26 92.21 92.21 162736 0.00 0.00 0.00     0 43.26 92.21 92.21 162736     0 1.778
  1 26 28 38.97 92.21 92.21 89224 0.00 0.00 0.00     0 38.97 92.21 92.21 89224     0 1.401
  1 32 28 35.07 67.87 67.87 47776 0.00 0.00 0.00     0 35.07 67.87 67.87 47776     0 1.143
  1 39 28 30.89 42.11 42.11 21152 0.00 0.00 0.00     0 30.89 42.11 42.11 21152     0 1.056
  1 45 28 27.56 92.21 92.21  9640 0.00 0.00 0.00     0 27.56 92.21 92.21  9640     0 0.969
  1 51 28 24.68 42.11 42.11  4344 0.00 0.00 0.00     0 24.68 42.11 42.11  4344     0 1.033
  1  1 28 82.92 93.80 93.80 882608 0.00 0.00 0.00     0 82.92 93.80 93.80 882608     0 4.513
  1  7 28 56.93 93.80 93.80 638920 0.00 0.00 0.00     0 56.93 93.80 93.80 638920     0 3.718
  1 14 28 49.00 93.80 93.80 395424 0.00 0.00 0.00     0 49.00 93.80 93.80 395424     0 3.133
  1 20 28 43.08 93.80 93.80 225224 0.00 0.00 0.00     0 43.08 93.80 93.80 225224     0 2.420
  1 26 28 38.87 93.80 93.80 115072 0.00 0.00 0.00     0 38.87 93.80 93.80 115072     0 1.936
  1 32 28 35.27 69.45 69.45 59656 0.00 0.00 0.00     0 35.27 69.45 69.45 59656     0 1.756
  1 39 28 31.40 42.11 42.11 26568 0.00 0.00 0.00     0 31.40 42.11 42.11 26568     0 1.484
  1 45 28 28.11 93.80 93.80 12256 0.00 0.00 0.00     0 28.11 93.80 93.80 12256     0 1.363
  1 51 28 25.24 42.11 42.11  5696 0.00 0.00 0.00     0 25.24 42.11 42.11  5696     0 1.184
  1  1 28 83.52 95.14 95.14 1177928 0.00 0.00 0.00     0 83.52 95.14 95.14 1177928     0 6.484
  1  7 28 57.04 95.14 95.14 852856 0.00 0.00 0.00     0 57.04 95.14 95.14 852856     0 5.120
  1 14 28 49.01 95.14 95.14 533992 0.00 0.00 0.00     0 49.01 95.14 95.14 533992     0 4.082
  1 20 28 42.90 95.14 95.14 299104 0.00 0.00 0.00     0 42.90 95.14 95.14 299104     0 3.248
  1 26 28 38.76 95.14 95.14 143176 0.00 0.00 0.00     0 38.76 95.14 95.14 143176     0 2.683
  1 32 28 35.45 70.79 70.79 71824 0.00 0.00 0.00     0 35.45 70.79 70.79 71824     0 2.172
  1 39 28 31.84 42.11 42.11 31896 0.00 0.00 0.00     0 31.84 42.11 42.11 31896     0 1.915
  1 45 28 28.68 95.14 95.14 14824 0.00 0.00 0.00     0 28.68 95.14 95.14 14824     0 1.840
  1 51 28 25.65 42.11 42.11  6832 0.00 0.00 0.00     0 25.65 42.11 42.11  6832     0 1.599
